world,type,contracts_erred,exceptions,contracts_dropped,contracts_signed,breaches_received,breaches_committed,contracts_breached,contracts_concluded,neg_requests_rejected,neg_requests_received,negs_initiated,negs_registered,negs_failed,neg_requests_sent,negs_succeeded,negs_timedout,contracts_executed,times,contracts_nullified,negotiator_exceptions
000020251128H1309496249196qBU_LitaAgentY-LitaAgentYR-Maym.013a94a6,scml.oneshot.sysagents.DefaultOneShotAdapter:scml.oneshot.agents.rand.EqualDistOneShotAgent,0,[],0,480,0,0,0,243,0,320,200,320,139,200,180,1,240,4.00003045797348e-07,0,[]
000020251128H1309496249196qBU_LitaAgentY-LitaAgentYR-Maym.013a94a6,scml.oneshot.sysagents.DefaultOneShotAdapter:scml_agents.scml2025.oneshot.mat.mat.MATAgent,0,[],0,172,0,0,0,87,0,120,0,120,54,0,66,2,86,2.00001522898674e-07,0,[]
000020251128H1309496249196qBU_LitaAgentY-LitaAgentYR-Maym.013a94a6,scml.oneshot.sysagents.DefaultOneShotAdapter:scml.oneshot.agents.greedy.GreedyOneShotAgent,0,[],0,358,0,0,0,181,0,220,100,220,81,100,139,18,179,4.00003045797348e-07,0,[]
000020251128H1309496249196qBU_LitaAgentY-LitaAgentYR-Maym.013a94a6,scml.oneshot.sysagents.DefaultOneShotAdapter:litaagent_std.litaagent_yr.LitaAgentYR,0,[],0,138,0,0,0,70,0,100,100,100,51,100,49,38,69,1.0011717677116394e-07,0,[]
000020251128H1309496249196qBU_LitaAgentY-LitaAgentYR-Maym.013a94a6,scml.oneshot.sysagents.DefaultOneShotAdapter:scml.oneshot.agents.rand.RandDistOneShotAgent,0,[],0,530,0,0,0,268,0,320,200,320,115,200,205,0,265,4.998873919248581e-07,0,[]
000020251128H1309496249196qBU_LitaAgentY-LitaAgentYR-Maym.013a94a6,scml.oneshot.sysagents.DefaultOneShotAdapter:litaagent_std.litaagent_y.LitaAgentY,0,[],0,118,0,0,0,60,0,120,0,120,80,0,39,17,59,7.00121745467186e-07,0,[]
000020251128H1309496249196qBU_LitaAgentY-LitaAgentYR-Maym.013a94a6,System,0,[],0,440,0,0,0,231,0,0,0,0,0,0,0,0,220,2.998858690261841e-07,0,[]
000220251128H130949687433kHMw_LitaAgentY-LitaAgentN-MZiR.06916fea,scml.oneshot.sysagents.DefaultOneShotAdapter:litaagent_std.litaagent_n.LitaAgentN,0,[],0,164,0,0,0,83,0,80,0,80,18,0,62,0,82,9.988434612751007e-08,0,[]
000220251128H130949687433kHMw_LitaAgentY-LitaAgentN-MZiR.06916fea,scml.oneshot.sysagents.DefaultOneShotAdapter:scml.oneshot.agents.rand.EqualDistOneShotAgent,0,[],0,140,0,0,0,71,0,80,0,80,30,0,50,0,70,2.00001522898674e-07,0,[]
000220251128H130949687433kHMw_LitaAgentY-LitaAgentN-MZiR.06916fea,scml.oneshot.sysagents.DefaultOneShotAdapter:scml_agents.scml2025.oneshot.mat.mat.MATAgent,0,[],0,134,0,0,0,68,0,80,80,80,33,80,47,0,67,1.0011717677116394e-07,0,[]
000220251128H130949687433kHMw_LitaAgentY-LitaAgentN-MZiR.06916fea,scml.oneshot.sysagents.DefaultOneShotAdapter:scml.oneshot.agents.greedy.GreedyOneShotAgent,0,[],0,350,0,0,0,177,0,160,80,160,25,80,135,0,175,3.0011869966983795e-07,0,[]
000220251128H130949687433kHMw_LitaAgentY-LitaAgentN-MZiR.06916fea,scml.oneshot.sysagents.DefaultOneShotAdapter:litaagent_std.litaagent_yr.LitaAgentYR,0,[],0,120,0,0,0,61,0,80,0,80,40,0,40,0,60,8.998904377222061e-07,0,[]
000220251128H130949687433kHMw_LitaAgentY-LitaAgentN-MZiR.06916fea,scml.oneshot.sysagents.DefaultOneShotAdapter:scml.oneshot.agents.rand.RandDistOneShotAgent,0,[],0,268,0,0,0,136,0,160,160,160,66,160,94,0,134,2.00001522898674e-07,0,[]
000220251128H130949687433kHMw_LitaAgentY-LitaAgentN-MZiR.06916fea,System,0,[],0,320,0,0,0,168,0,0,0,0,0,0,0,0,160,2.998858690261841e-07,0,[]
000120251128H130949660922ppJj_LitaAgentC-LitaAgentP-MOwT.0487a10e,scml.oneshot.sysagents.DefaultOneShotAdapter:litaagent_std.litaagent_p.LitaAgentP,0,[],0,40,0,0,0,21,0,100,100,100,100,100,0,0,20,9.988434612751007e-08,0,[]
000120251128H130949660922ppJj_LitaAgentC-LitaAgentP-MOwT.0487a10e,scml.oneshot.sysagents.DefaultOneShotAdapter:scml.oneshot.agents.rand.EqualDistOneShotAgent,0,[],0,494,0,0,0,250,0,320,200,320,133,200,187,0,247,6.00004568696022e-07,0,[]
000120251128H130949660922ppJj_LitaAgentC-LitaAgentP-MOwT.0487a10e,scml.oneshot.sysagents.DefaultOneShotAdapter:scml_agents.scml2025.oneshot.mat.mat.MATAgent,0,[],0,148,0,0,0,75,0,100,100,100,46,100,54,0,74,1.0011717677116394e-07,0,[]
000120251128H130949660922ppJj_LitaAgentC-LitaAgentP-MOwT.0487a10e,scml.oneshot.sysagents.DefaultOneShotAdapter:scml.oneshot.agents.greedy.GreedyOneShotAgent,0,[],0,386,0,0,0,195,0,220,100,220,67,100,153,0,193,5.00120222568512e-07,0,[]
000120251128H130949660922ppJj_LitaAgentC-LitaAgentP-MOwT.0487a10e,scml.oneshot.sysagents.DefaultOneShotAdapter:litaagent_std.litaagent_cir.LitaAgentCIR,0,[],0,160,0,0,0,81,0,120,0,120,60,0,60,0,80,1.0998919606208801e-06,0,[]
000120251128H130949660922ppJj_LitaAgentC-LitaAgentP-MOwT.0487a10e,scml.oneshot.sysagents.DefaultOneShotAdapter:scml.oneshot.agents.rand.RandDistOneShotAgent,0,[],0,480,0,0,0,243,0,340,100,340,160,100,180,0,240,5.00120222568512e-07,0,[]
000120251128H130949660922ppJj_LitaAgentC-LitaAgentP-MOwT.0487a10e,System,0,[],0,440,0,0,0,231,0,0,0,0,0,0,0,0,220,5.997717380523682e-07,0,[]
000220251128H130949687433kHMw_LitaAgentY-LitaAgentC-MjJ1.06d63495,scml.oneshot.sysagents.DefaultOneShotAdapter:scml_agents.scml2025.oneshot.mat.mat.MATAgent,0,[],0,128,0,0,0,65,0,80,80,80,36,80,44,0,64,2.00001522898674e-07,0,[]
000220251128H130949687433kHMw_LitaAgentY-LitaAgentC-MjJ1.06d63495,scml.oneshot.sysagents.DefaultOneShotAdapter:scml.oneshot.agents.rand.EqualDistOneShotAgent,0,[],0,146,0,0,0,74,0,80,0,80,27,0,53,0,73,9.988434612751007e-08,0,[]
000220251128H130949687433kHMw_LitaAgentY-LitaAgentC-MjJ1.06d63495,scml.oneshot.sysagents.DefaultOneShotAdapter:scml.oneshot.agents.greedy.GreedyOneShotAgent,0,[],0,350,0,0,0,177,0,160,80,160,25,80,135,0,175,2.00001522898674e-07,0,[]
000220251128H130949687433kHMw_LitaAgentY-LitaAgentC-MjJ1.06d63495,scml.oneshot.sysagents.DefaultOneShotAdapter:litaagent_std.litaagent_cir.LitaAgentCIR,0,[],0,160,0,0,0,81,0,80,0,80,20,0,60,0,80,7.00121745467186e-07,0,[]
000220251128H130949687433kHMw_LitaAgentY-LitaAgentC-MjJ1.06d63495,scml.oneshot.sysagents.DefaultOneShotAdapter:scml.oneshot.agents.rand.RandDistOneShotAgent,0,[],0,292,0,0,0,148,0,160,160,160,54,160,106,0,146,3.0011869966983795e-07,0,[]
000220251128H130949687433kHMw_LitaAgentY-LitaAgentC-MjJ1.06d63495,scml.oneshot.sysagents.DefaultOneShotAdapter:litaagent_std.litaagent_y.LitaAgentY,0,[],0,128,0,0,0,65,0,80,0,80,36,0,44,0,64,9.988434612751007e-08,0,[]
000220251128H130949687433kHMw_LitaAgentY-LitaAgentC-MjJ1.06d63495,System,0,[],0,320,0,0,0,168,0,0,0,0,0,0,0,0,160,2.998858690261841e-07,0,[]
000020251128H1309496249196qBU_LitaAgentY-LitaAgentC-LitaAgentNYvl.00ef005b,scml.oneshot.sysagents.DefaultOneShotAdapter:litaagent_std.litaagent_n.LitaAgentN,0,[],0,194,0,0,0,98,0,120,0,120,43,0,77,0,97,7.00121745467186e-07,0,[]
000020251128H1309496249196qBU_LitaAgentY-LitaAgentC-LitaAgentNYvl.00ef005b,scml.oneshot.sysagents.DefaultOneShotAdapter:scml.oneshot.agents.rand.EqualDistOneShotAgent,0,[],0,460,0,0,0,233,0,320,200,320,150,200,170,0,230,2.998858690261841e-07,0,[]
000020251128H1309496249196qBU_LitaAgentY-LitaAgentC-LitaAgentNYvl.00ef005b,scml.oneshot.sysagents.DefaultOneShotAdapter:scml.oneshot.agents.greedy.GreedyOneShotAgent,0,[],0,406,0,0,0,205,0,220,100,220,57,100,163,0,203,2.00001522898674e-07,0,[]
000020251128H1309496249196qBU_LitaAgentY-LitaAgentC-LitaAgentNYvl.00ef005b,scml.oneshot.sysagents.DefaultOneShotAdapter:litaagent_std.litaagent_cir.LitaAgentCIR,0,[],0,40,0,0,0,21,0,100,100,100,100,100,0,0,20,1.0011717677116394e-07,0,[]
000020251128H1309496249196qBU_LitaAgentY-LitaAgentC-LitaAgentNYvl.00ef005b,scml.oneshot.sysagents.DefaultOneShotAdapter:litaagent_std.litaagent_yr.LitaAgentYR,0,[],0,134,0,0,0,68,0,120,0,120,72,0,47,0,67,2.00001522898674e-07,0,[]
000020251128H1309496249196qBU_LitaAgentY-LitaAgentC-LitaAgentNYvl.00ef005b,scml.oneshot.sysagents.DefaultOneShotAdapter:scml.oneshot.agents.rand.RandDistOneShotAgent,0,[],0,510,0,0,0,258,0,320,200,320,124,200,195,0,255,6.00004568696022e-07,0,[]
000020251128H1309496249196qBU_LitaAgentY-LitaAgentC-LitaAgentNYvl.00ef005b,System,0,[],0,440,0,0,0,231,0,0,0,0,0,0,0,0,220,2.998858690261841e-07,0,[]
000020251128H1309496249196qBU_LitaAgentY-LitaAgentYR-LitaAgentNlkC.0119567d,scml.oneshot.sysagents.DefaultOneShotAdapter:litaagent_std.litaagent_n.LitaAgentN,0,[],0,218,0,0,0,110,0,120,0,120,31,0,89,0,109,2.00001522898674e-07,0,[]
000020251128H1309496249196qBU_LitaAgentY-LitaAgentYR-LitaAgentNlkC.0119567d,scml.oneshot.sysagents.DefaultOneShotAdapter:scml.oneshot.agents.rand.EqualDistOneShotAgent,0,[],0,486,0,0,0,246,0,320,200,320,137,200,183,0,243,4.998873919248581e-07,0,[]
000020251128H1309496249196qBU_LitaAgentY-LitaAgentYR-LitaAgentNlkC.0119567d,scml.oneshot.sysagents.DefaultOneShotAdapter:scml.oneshot.agents.greedy.GreedyOneShotAgent,0,[],0,428,0,0,0,216,0,220,100,220,46,100,174,0,214,2.998858690261841e-07,0,[]
000020251128H1309496249196qBU_LitaAgentY-LitaAgentYR-LitaAgentNlkC.0119567d,scml.oneshot.sysagents.DefaultOneShotAdapter:litaagent_std.litaagent_yr.LitaAgentYR,0,[],0,124,0,0,0,63,0,120,0,120,78,0,42,0,62,8.00006091594696e-07,0,[]
000020251128H1309496249196qBU_LitaAgentY-LitaAgentYR-LitaAgentNlkC.0119567d,scml.oneshot.sysagents.DefaultOneShotAdapter:scml.oneshot.agents.rand.RandDistOneShotAgent,0,[],0,516,0,0,0,261,0,320,200,320,122,200,198,0,258,6.00004568696022e-07,0,[]
000020251128H1309496249196qBU_LitaAgentY-LitaAgentYR-LitaAgentNlkC.0119567d,scml.oneshot.sysagents.DefaultOneShotAdapter:litaagent_std.litaagent_y.LitaAgentY,0,[],0,148,0,0,0,75,0,100,100,100,46,100,54,0,74,2.00001522898674e-07,0,[]
000020251128H1309496249196qBU_LitaAgentY-LitaAgentYR-LitaAgentNlkC.0119567d,System,0,[],0,440,0,0,0,231,0,0,0,0,0,0,0,0,220,4.00003045797348e-07,0,[]
000020251128H1309496249196qBU_LitaAgentY-LitaAgentYR-Maym.0021152f,scml.oneshot.sysagents.DefaultOneShotAdapter:scml.oneshot.agents.rand.EqualDistOneShotAgent,0,[],0,482,0,0,0,244,0,320,200,320,139,200,181,0,241,6.998889148235321e-07,0,[]
000020251128H1309496249196qBU_LitaAgentY-LitaAgentYR-Maym.0021152f,scml.oneshot.sysagents.DefaultOneShotAdapter:scml_agents.scml2025.oneshot.mat.mat.MATAgent,0,[],0,168,0,0,0,85,0,120,0,120,56,0,64,0,84,1.400010660290718e-06,0,[]
000020251128H1309496249196qBU_LitaAgentY-LitaAgentYR-Maym.0021152f,scml.oneshot.sysagents.DefaultOneShotAdapter:scml.oneshot.agents.greedy.GreedyOneShotAgent,0,[],0,432,0,0,0,218,0,220,100,220,44,100,176,0,216,4.998873919248581e-07,0,[]
000020251128H1309496249196qBU_LitaAgentY-LitaAgentYR-Maym.0021152f,scml.oneshot.sysagents.DefaultOneShotAdapter:litaagent_std.litaagent_yr.LitaAgentYR,0,[],0,120,0,0,0,61,0,120,0,120,80,0,40,0,60,3.0011869966983795e-07,0,[]
000020251128H1309496249196qBU_LitaAgentY-LitaAgentYR-Maym.0021152f,scml.oneshot.sysagents.DefaultOneShotAdapter:scml.oneshot.agents.rand.RandDistOneShotAgent,0,[],0,520,0,0,0,263,0,320,200,320,120,200,200,0,260,9.003560990095139e-07,0,[]
000020251128H1309496249196qBU_LitaAgentY-LitaAgentYR-Maym.0021152f,scml.oneshot.sysagents.DefaultOneShotAdapter:litaagent_std.litaagent_y.LitaAgentY,0,[],0,138,0,0,0,70,0,100,100,100,51,100,49,0,69,3.0011869966983795e-07,0,[]
000020251128H1309496249196qBU_LitaAgentY-LitaAgentYR-Maym.0021152f,System,0,[],0,440,0,0,0,231,0,0,0,0,0,0,0,0,220,5.00120222568512e-07,0,[]
000020251128H1309496249196qBU_LitaAgentY-LitaAgentYR-Maym.0239a16c,scml.oneshot.sysagents.DefaultOneShotAdapter:scml.oneshot.agents.rand.EqualDistOneShotAgent,0,[],0,484,0,0,0,245,0,320,200,320,136,200,182,0,242,4.002358764410019e-07,0,[]
000020251128H1309496249196qBU_LitaAgentY-LitaAgentYR-Maym.0239a16c,scml.oneshot.sysagents.DefaultOneShotAdapter:scml_agents.scml2025.oneshot.mat.mat.MATAgent,0,[],0,136,0,0,0,69,0,100,100,100,52,100,48,0,68,9.988434612751007e-08,0,[]
000020251128H1309496249196qBU_LitaAgentY-LitaAgentYR-Maym.0239a16c,scml.oneshot.sysagents.DefaultOneShotAdapter:scml.oneshot.agents.greedy.GreedyOneShotAgent,0,[],0,372,0,0,0,188,0,220,100,220,74,100,146,0,186,4.00003045797348e-07,0,[]
000020251128H1309496249196qBU_LitaAgentY-LitaAgentYR-Maym.0239a16c,scml.oneshot.sysagents.DefaultOneShotAdapter:litaagent_std.litaagent_yr.LitaAgentYR,0,[],0,156,0,0,0,79,0,120,0,120,60,0,58,0,78,8.00006091594696e-07,0,[]
000020251128H1309496249196qBU_LitaAgentY-LitaAgentYR-Maym.0239a16c,scml.oneshot.sysagents.DefaultOneShotAdapter:scml.oneshot.agents.rand.RandDistOneShotAgent,0,[],0,554,0,0,0,280,0,320,200,320,101,200,217,0,277,2.998858690261841e-07,0,[]
000020251128H1309496249196qBU_LitaAgentY-LitaAgentYR-Maym.0239a16c,scml.oneshot.sysagents.DefaultOneShotAdapter:litaagent_std.litaagent_y.LitaAgentY,0,[],0,158,0,0,0,80,0,120,0,120,59,0,59,0,79,2.00001522898674e-07,0,[]
000020251128H1309496249196qBU_LitaAgentY-LitaAgentYR-Maym.0239a16c,System,0,[],0,440,0,0,0,231,0,0,0,0,0,0,0,0,220,3.0011869966983795e-07,0,[]
000220251128H130949687433kHMw_LitaAgentY-LitaAgentP-M5XY.08a57b20,scml.oneshot.sysagents.DefaultOneShotAdapter:litaagent_std.litaagent_p.LitaAgentP,0,[],0,40,0,0,0,21,0,80,80,80,80,80,0,0,20,1.0011717677116394e-07,0,[]
000220251128H130949687433kHMw_LitaAgentY-LitaAgentP-M5XY.08a57b20,scml.oneshot.sysagents.DefaultOneShotAdapter:scml.oneshot.agents.rand.EqualDistOneShotAgent,0,[],0,122,0,0,0,62,0,80,0,80,39,0,41,0,61,2.00001522898674e-07,0,[]
000220251128H130949687433kHMw_LitaAgentY-LitaAgentP-M5XY.08a57b20,scml.oneshot.sysagents.DefaultOneShotAdapter:scml_agents.scml2025.oneshot.mat.mat.MATAgent,0,[],0,146,0,0,0,74,0,80,0,80,27,0,53,0,73,6.00004568696022e-07,0,[]
000220251128H130949687433kHMw_LitaAgentY-LitaAgentP-M5XY.08a57b20,scml.oneshot.sysagents.DefaultOneShotAdapter:scml.oneshot.agents.greedy.GreedyOneShotAgent,0,[],0,338,0,0,0,171,0,160,80,160,31,80,129,0,169,2.00001522898674e-07,0,[]
000220251128H130949687433kHMw_LitaAgentY-LitaAgentP-M5XY.08a57b20,scml.oneshot.sysagents.DefaultOneShotAdapter:litaagent_std.litaagent_yr.LitaAgentYR,0,[],0,112,0,0,0,57,0,80,0,80,44,0,36,1,56,2.00001522898674e-07,0,[]
000220251128H130949687433kHMw_LitaAgentY-LitaAgentP-M5XY.08a57b20,scml.oneshot.sysagents.DefaultOneShotAdapter:scml.oneshot.agents.rand.RandDistOneShotAgent,0,[],0,286,0,0,0,145,0,160,160,160,57,160,103,1,143,2.998858690261841e-07,0,[]
000220251128H130949687433kHMw_LitaAgentY-LitaAgentP-M5XY.08a57b20,System,0,[],0,320,0,0,0,168,0,0,0,0,0,0,0,0,160,3.0011869966983795e-07,0,[]
000020251128H1309496249196qBU_LitaAgentY-LitaAgentYR-LitaAgentNlkC.0247c86b,scml.oneshot.sysagents.DefaultOneShotAdapter:litaagent_std.litaagent_n.LitaAgentN,0,[],0,202,0,0,0,102,0,120,0,120,39,0,81,2,101,1.100124791264534e-06,0,[]
000020251128H1309496249196qBU_LitaAgentY-LitaAgentYR-LitaAgentNlkC.0247c86b,scml.oneshot.sysagents.DefaultOneShotAdapter:scml.oneshot.agents.rand.EqualDistOneShotAgent,0,[],0,506,0,0,0,256,0,320,200,320,127,200,193,1,253,8.00006091594696e-07,0,[]
000020251128H1309496249196qBU_LitaAgentY-LitaAgentYR-LitaAgentNlkC.0247c86b,scml.oneshot.sysagents.DefaultOneShotAdapter:scml.oneshot.agents.greedy.GreedyOneShotAgent,0,[],0,374,0,0,0,189,0,220,100,220,73,100,147,13,187,3.0011869966983795e-07,0,[]
000020251128H1309496249196qBU_LitaAgentY-LitaAgentYR-LitaAgentNlkC.0247c86b,scml.oneshot.sysagents.DefaultOneShotAdapter:litaagent_std.litaagent_yr.LitaAgentYR,0,[],0,114,0,0,0,58,0,100,100,100,63,100,37,28,57,9.988434612751007e-08,0,[]
000020251128H1309496249196qBU_LitaAgentY-LitaAgentYR-LitaAgentNlkC.0247c86b,scml.oneshot.sysagents.DefaultOneShotAdapter:scml.oneshot.agents.rand.RandDistOneShotAgent,0,[],0,544,0,0,0,275,0,320,200,320,108,200,212,0,272,4.00003045797348e-07,0,[]
000020251128H1309496249196qBU_LitaAgentY-LitaAgentYR-LitaAgentNlkC.0247c86b,scml.oneshot.sysagents.DefaultOneShotAdapter:litaagent_std.litaagent_y.LitaAgentY,0,[],0,124,0,0,0,63,0,120,0,120,78,0,42,12,62,2.00001522898674e-07,0,[]
000020251128H1309496249196qBU_LitaAgentY-LitaAgentYR-LitaAgentNlkC.0247c86b,System,0,[],0,440,0,0,0,231,0,0,0,0,0,0,0,0,220,8.00006091594696e-07,0,[]
000220251128H130949687433kHMw_LitaAgentY-LitaAgentN-MMly.06093bae,scml.oneshot.sysagents.DefaultOneShotAdapter:litaagent_std.litaagent_n.LitaAgentN,0,[],0,40,0,0,0,21,0,80,80,80,80,80,0,0,20,2.00001522898674e-07,0,[]
000220251128H130949687433kHMw_LitaAgentY-LitaAgentN-MMly.06093bae,scml.oneshot.sysagents.DefaultOneShotAdapter:scml.oneshot.agents.rand.EqualDistOneShotAgent,0,[],0,126,0,0,0,64,0,80,0,80,37,0,43,0,63,2.00001522898674e-07,0,[]
000220251128H130949687433kHMw_LitaAgentY-LitaAgentN-MMly.06093bae,scml.oneshot.sysagents.DefaultOneShotAdapter:scml_agents.scml2025.oneshot.mat.mat.MATAgent,0,[],0,138,0,0,0,70,0,80,0,80,31,0,49,0,69,2.00001522898674e-07,0,[]
000220251128H130949687433kHMw_LitaAgentY-LitaAgentN-MMly.06093bae,scml.oneshot.sysagents.DefaultOneShotAdapter:scml.oneshot.agents.greedy.GreedyOneShotAgent,0,[],0,346,0,0,0,175,0,160,80,160,27,80,133,0,173,4.00003045797348e-07,0,[]
000220251128H130949687433kHMw_LitaAgentY-LitaAgentN-MMly.06093bae,scml.oneshot.sysagents.DefaultOneShotAdapter:scml.oneshot.agents.rand.RandDistOneShotAgent,0,[],0,276,0,0,0,140,0,160,160,160,60,160,98,1,138,4.00003045797348e-07,0,[]
000220251128H130949687433kHMw_LitaAgentY-LitaAgentN-MMly.06093bae,scml.oneshot.sysagents.DefaultOneShotAdapter:litaagent_std.litaagent_y.LitaAgentY,0,[],0,102,0,0,0,52,0,80,0,80,47,0,31,1,51,8.00006091594696e-07,0,[]
000220251128H130949687433kHMw_LitaAgentY-LitaAgentN-MMly.06093bae,System,0,[],0,320,0,0,0,168,0,0,0,0,0,0,0,0,160,4.00003045797348e-07,0,[]
000220251128H130949687433kHMw_LitaAgentY-LitaAgentP-M5XY.068d1db6,scml.oneshot.sysagents.DefaultOneShotAdapter:litaagent_std.litaagent_p.LitaAgentP,0,[],0,40,0,0,0,21,0,80,0,80,80,0,0,0,20,8.00006091594696e-07,0,[]
000220251128H130949687433kHMw_LitaAgentY-LitaAgentP-M5XY.068d1db6,scml.oneshot.sysagents.DefaultOneShotAdapter:scml.oneshot.agents.rand.EqualDistOneShotAgent,0,[],0,132,0,0,0,67,0,80,0,80,34,0,46,2,66,3.0011869966983795e-07,0,[]
000220251128H130949687433kHMw_LitaAgentY-LitaAgentP-M5XY.068d1db6,scml.oneshot.sysagents.DefaultOneShotAdapter:scml_agents.scml2025.oneshot.mat.mat.MATAgent,0,[],0,160,0,0,0,81,0,80,0,80,20,0,60,4,80,3.0011869966983795e-07,0,[]
000220251128H130949687433kHMw_LitaAgentY-LitaAgentP-M5XY.068d1db6,scml.oneshot.sysagents.DefaultOneShotAdapter:scml.oneshot.agents.greedy.GreedyOneShotAgent,0,[],0,298,0,0,0,151,0,160,80,160,51,80,109,11,149,4.998873919248581e-07,0,[]
000220251128H130949687433kHMw_LitaAgentY-LitaAgentP-M5XY.068d1db6,scml.oneshot.sysagents.DefaultOneShotAdapter:litaagent_std.litaagent_yr.LitaAgentYR,0,[],0,86,0,0,0,44,0,80,80,80,57,80,23,16,43,2.998858690261841e-07,0,[]
000220251128H130949687433kHMw_LitaAgentY-LitaAgentP-M5XY.068d1db6,scml.oneshot.sysagents.DefaultOneShotAdapter:scml.oneshot.agents.rand.RandDistOneShotAgent,0,[],0,260,0,0,0,132,0,160,160,160,70,160,90,1,130,5.997717380523682e-07,0,[]
000220251128H130949687433kHMw_LitaAgentY-LitaAgentP-M5XY.068d1db6,System,0,[],0,320,0,0,0,168,0,0,0,0,0,0,0,0,160,4.998873919248581e-07,0,[]
000020251128H1309496249196qBU_LitaAgentY-LitaAgentC-LitaAgentNQAS.0178c3ca,scml.oneshot.sysagents.DefaultOneShotAdapter:litaagent_std.litaagent_n.LitaAgentN,0,[],0,202,0,0,0,102,0,120,0,120,39,0,81,0,101,2.998858690261841e-07,0,[]
000020251128H1309496249196qBU_LitaAgentY-LitaAgentC-LitaAgentNQAS.0178c3ca,scml.oneshot.sysagents.DefaultOneShotAdapter:scml.oneshot.agents.rand.EqualDistOneShotAgent,0,[],0,474,0,0,0,240,0,320,200,320,143,200,177,0,237,7.997732609510422e-07,0,[]
000020251128H1309496249196qBU_LitaAgentY-LitaAgentC-LitaAgentNQAS.0178c3ca,scml.oneshot.sysagents.DefaultOneShotAdapter:scml.oneshot.agents.greedy.GreedyOneShotAgent,0,[],0,396,0,0,0,200,0,220,100,220,62,100,158,0,198,4.00003045797348e-07,0,[]
000020251128H1309496249196qBU_LitaAgentY-LitaAgentC-LitaAgentNQAS.0178c3ca,scml.oneshot.sysagents.DefaultOneShotAdapter:litaagent_std.litaagent_cir.LitaAgentCIR,0,[],0,40,0,0,0,21,0,100,100,100,100,100,0,0,20,2.00001522898674e-07,0,[]
000020251128H1309496249196qBU_LitaAgentY-LitaAgentC-LitaAgentNQAS.0178c3ca,scml.oneshot.sysagents.DefaultOneShotAdapter:scml.oneshot.agents.rand.RandDistOneShotAgent,0,[],0,482,0,0,0,244,0,320,200,320,139,200,181,1,241,6.00004568696022e-07,0,[]
000020251128H1309496249196qBU_LitaAgentY-LitaAgentC-LitaAgentNQAS.0178c3ca,scml.oneshot.sysagents.DefaultOneShotAdapter:litaagent_std.litaagent_y.LitaAgentY,0,[],0,118,0,0,0,60,0,120,0,120,81,0,39,1,59,6.00004568696022e-07,0,[]
000020251128H1309496249196qBU_LitaAgentY-LitaAgentC-LitaAgentNQAS.0178c3ca,System,0,[],0,440,0,0,0,231,0,0,0,0,0,0,0,0,220,5.997717380523682e-07,0,[]
000120251128H130949660922ppJj_LitaAgentC-LitaAgentP-MOwT.0329ac9d,scml.oneshot.sysagents.DefaultOneShotAdapter:litaagent_std.litaagent_p.LitaAgentP,0,[],0,40,0,0,0,21,0,100,100,100,100,100,0,0,20,2.00001522898674e-07,0,[]
000120251128H130949660922ppJj_LitaAgentC-LitaAgentP-MOwT.0329ac9d,scml.oneshot.sysagents.DefaultOneShotAdapter:scml.oneshot.agents.rand.EqualDistOneShotAgent,0,[],0,444,0,0,0,225,0,320,200,320,158,200,162,0,222,7.997732609510422e-07,0,[]
000120251128H130949660922ppJj_LitaAgentC-LitaAgentP-MOwT.0329ac9d,scml.oneshot.sysagents.DefaultOneShotAdapter:scml_agents.scml2025.oneshot.mat.mat.MATAgent,0,[],0,150,0,0,0,76,0,120,0,120,65,0,55,0,75,8.998904377222061e-07,0,[]
000120251128H130949660922ppJj_LitaAgentC-LitaAgentP-MOwT.0329ac9d,scml.oneshot.sysagents.DefaultOneShotAdapter:scml.oneshot.agents.greedy.GreedyOneShotAgent,0,[],0,368,0,0,0,186,0,220,100,220,76,100,144,0,184,4.998873919248581e-07,0,[]
000120251128H130949660922ppJj_LitaAgentC-LitaAgentP-MOwT.0329ac9d,scml.oneshot.sysagents.DefaultOneShotAdapter:litaagent_std.litaagent_cir.LitaAgentCIR,0,[],0,40,0,0,0,21,0,100,100,100,100,100,0,0,20,2.00001522898674e-07,0,[]
000120251128H130949660922ppJj_LitaAgentC-LitaAgentP-MOwT.0329ac9d,scml.oneshot.sysagents.DefaultOneShotAdapter:scml.oneshot.agents.rand.RandDistOneShotAgent,0,[],0,470,0,0,0,238,0,340,100,340,165,100,175,0,235,6.998889148235321e-07,0,[]
000120251128H130949660922ppJj_LitaAgentC-LitaAgentP-MOwT.0329ac9d,System,0,[],0,440,0,0,0,231,0,0,0,0,0,0,0,0,220,4.00003045797348e-07,0,[]
000220251128H130949687433kHMw_LitaAgentC-LitaAgentP-MMvP.06e151c9,scml.oneshot.sysagents.DefaultOneShotAdapter:litaagent_std.litaagent_p.LitaAgentP,0,[],0,40,0,0,0,21,0,80,0,80,80,0,0,0,20,9.988434612751007e-08,0,[]
000220251128H130949687433kHMw_LitaAgentC-LitaAgentP-MMvP.06e151c9,scml.oneshot.sysagents.DefaultOneShotAdapter:scml.oneshot.agents.rand.EqualDistOneShotAgent,0,[],0,138,0,0,0,70,0,80,0,80,31,0,49,0,69,1.0011717677116394e-07,0,[]
000220251128H130949687433kHMw_LitaAgentC-LitaAgentP-MMvP.06e151c9,scml.oneshot.sysagents.DefaultOneShotAdapter:scml_agents.scml2025.oneshot.mat.mat.MATAgent,0,[],0,114,0,0,0,58,0,80,80,80,43,80,37,0,57,2.00001522898674e-07,0,[]
000220251128H130949687433kHMw_LitaAgentC-LitaAgentP-MMvP.06e151c9,scml.oneshot.sysagents.DefaultOneShotAdapter:scml.oneshot.agents.greedy.GreedyOneShotAgent,0,[],0,338,0,0,0,171,0,160,80,160,31,80,129,0,169,3.0011869966983795e-07,0,[]
000220251128H130949687433kHMw_LitaAgentC-LitaAgentP-MMvP.06e151c9,scml.oneshot.sysagents.DefaultOneShotAdapter:litaagent_std.litaagent_cir.LitaAgentCIR,0,[],0,158,0,0,0,80,0,80,0,80,21,0,59,0,79,6.00004568696022e-07,0,[]
000220251128H130949687433kHMw_LitaAgentC-LitaAgentP-MMvP.06e151c9,scml.oneshot.sysagents.DefaultOneShotAdapter:scml.oneshot.agents.rand.RandDistOneShotAgent,0,[],0,264,0,0,0,134,0,160,160,160,68,160,92,0,132,2.998858690261841e-07,0,[]
000220251128H130949687433kHMw_LitaAgentC-LitaAgentP-MMvP.06e151c9,System,0,[],0,320,0,0,0,168,0,0,0,0,0,0,0,0,160,3.0011869966983795e-07,0,[]
000220251128H130949687433kHMw_LitaAgentC-LitaAgentN-LitaAgentPfIT.06dbde67,scml.oneshot.sysagents.DefaultOneShotAdapter:litaagent_std.litaagent_p.LitaAgentP,0,[],0,40,0,0,0,21,0,80,0,80,80,0,0,0,20,6.00004568696022e-07,0,[]
000220251128H130949687433kHMw_LitaAgentC-LitaAgentN-LitaAgentPfIT.06dbde67,scml.oneshot.sysagents.DefaultOneShotAdapter:litaagent_std.litaagent_n.LitaAgentN,0,[],0,156,0,0,0,79,0,80,0,80,22,0,58,0,78,2.00001522898674e-07,0,[]
000220251128H130949687433kHMw_LitaAgentC-LitaAgentN-LitaAgentPfIT.06dbde67,scml.oneshot.sysagents.DefaultOneShotAdapter:scml.oneshot.agents.rand.EqualDistOneShotAgent,0,[],0,112,0,0,0,57,0,80,0,80,44,0,36,2,56,1.0011717677116394e-07,0,[]
000220251128H130949687433kHMw_LitaAgentC-LitaAgentN-LitaAgentPfIT.06dbde67,scml.oneshot.sysagents.DefaultOneShotAdapter:scml.oneshot.agents.greedy.GreedyOneShotAgent,0,[],0,298,0,0,0,151,0,160,80,160,51,80,109,0,149,4.00003045797348e-07,0,[]
000220251128H130949687433kHMw_LitaAgentC-LitaAgentN-LitaAgentPfIT.06dbde67,scml.oneshot.sysagents.DefaultOneShotAdapter:litaagent_std.litaagent_cir.LitaAgentCIR,0,[],0,40,0,0,0,21,0,80,80,80,80,80,0,0,20,2.00001522898674e-07,0,[]
000220251128H130949687433kHMw_LitaAgentC-LitaAgentN-LitaAgentPfIT.06dbde67,scml.oneshot.sysagents.DefaultOneShotAdapter:scml.oneshot.agents.rand.RandDistOneShotAgent,0,[],0,250,0,0,0,127,0,160,160,160,75,160,85,2,125,1.9976869225502014e-07,0,[]
000220251128H130949687433kHMw_LitaAgentC-LitaAgentN-LitaAgentPfIT.06dbde67,System,0,[],0,320,0,0,0,168,0,0,0,0,0,0,0,0,160,4.00003045797348e-07,0,[]
000020251128H1309496249196qBU_LitaAgentY-LitaAgentN-LitaAgentP7iC.021dc820,scml.oneshot.sysagents.DefaultOneShotAdapter:litaagent_std.litaagent_n.LitaAgentN,0,[],0,208,0,0,0,105,0,120,0,120,36,0,84,0,104,8.00006091594696e-07,0,[]
000020251128H1309496249196qBU_LitaAgentY-LitaAgentN-LitaAgentP7iC.021dc820,scml.oneshot.sysagents.DefaultOneShotAdapter:litaagent_std.litaagent_p.LitaAgentP,0,[],0,40,0,0,0,21,0,120,0,120,120,0,0,0,20,2.00001522898674e-07,0,[]
000020251128H1309496249196qBU_LitaAgentY-LitaAgentN-LitaAgentP7iC.021dc820,scml.oneshot.sysagents.DefaultOneShotAdapter:scml.oneshot.agents.rand.EqualDistOneShotAgent,0,[],0,488,0,0,0,247,0,320,200,320,136,200,184,0,244,7.00121745467186e-07,0,[]
000020251128H1309496249196qBU_LitaAgentY-LitaAgentN-LitaAgentP7iC.021dc820,scml.oneshot.sysagents.DefaultOneShotAdapter:scml.oneshot.agents.greedy.GreedyOneShotAgent,0,[],0,374,0,0,0,189,0,220,100,220,73,100,147,0,187,4.00003045797348e-07,0,[]
000020251128H1309496249196qBU_LitaAgentY-LitaAgentN-LitaAgentP7iC.021dc820,scml.oneshot.sysagents.DefaultOneShotAdapter:scml.oneshot.agents.rand.RandDistOneShotAgent,0,[],0,500,0,0,0,253,0,320,200,320,130,200,190,0,250,5.997717380523682e-07,0,[]
000020251128H1309496249196qBU_LitaAgentY-LitaAgentN-LitaAgentP7iC.021dc820,scml.oneshot.sysagents.DefaultOneShotAdapter:litaagent_std.litaagent_y.LitaAgentY,0,[],0,142,0,0,0,72,0,100,100,100,49,100,51,0,71,9.899958968162537e-06,0,[]
000020251128H1309496249196qBU_LitaAgentY-LitaAgentN-LitaAgentP7iC.021dc820,System,0,[],0,440,0,0,0,231,0,0,0,0,0,0,0,0,220,3.0011869966983795e-07,0,[]
000120251128H130949660922ppJj_LitaAgentY-LitaAgentP-Msj7.035b8e2d,scml.oneshot.sysagents.DefaultOneShotAdapter:litaagent_std.litaagent_p.LitaAgentP,0,[],0,40,0,0,0,21,0,100,100,100,100,100,0,0,20,9.988434612751007e-08,0,[]
000120251128H130949660922ppJj_LitaAgentY-LitaAgentP-Msj7.035b8e2d,scml.oneshot.sysagents.DefaultOneShotAdapter:scml_agents.scml2025.oneshot.mat.mat.MATAgent,0,[],0,142,0,0,0,72,0,100,100,100,49,100,51,0,71,2.00001522898674e-07,0,[]
000120251128H130949660922ppJj_LitaAgentY-LitaAgentP-Msj7.035b8e2d,scml.oneshot.sysagents.DefaultOneShotAdapter:scml.oneshot.agents.rand.EqualDistOneShotAgent,0,[],0,454,0,0,0,230,0,320,200,320,153,200,167,0,227,4.002358764410019e-07,0,[]
000120251128H130949660922ppJj_LitaAgentY-LitaAgentP-Msj7.035b8e2d,scml.oneshot.sysagents.DefaultOneShotAdapter:scml.oneshot.agents.greedy.GreedyOneShotAgent,0,[],0,398,0,0,0,201,0,220,100,220,61,100,159,0,199,3.0011869966983795e-07,0,[]
000120251128H130949660922ppJj_LitaAgentY-LitaAgentP-Msj7.035b8e2d,scml.oneshot.sysagents.DefaultOneShotAdapter:scml.oneshot.agents.rand.RandDistOneShotAgent,0,[],0,494,0,0,0,250,0,340,100,340,153,100,187,0,247,5.00120222568512e-07,0,[]
000120251128H130949660922ppJj_LitaAgentY-LitaAgentP-Msj7.035b8e2d,scml.oneshot.sysagents.DefaultOneShotAdapter:litaagent_std.litaagent_y.LitaAgentY,0,[],0,120,0,0,0,61,0,120,0,120,80,0,40,0,60,6.998889148235321e-07,0,[]
000120251128H130949660922ppJj_LitaAgentY-LitaAgentP-Msj7.035b8e2d,System,0,[],0,440,0,0,0,231,0,0,0,0,0,0,0,0,220,2.00001522898674e-07,0,[]
000220251128H130949687433kHMw_LitaAgentY-LitaAgentYR-LitaAgentCteh.075e0dd5,scml.oneshot.sysagents.DefaultOneShotAdapter:scml.oneshot.agents.rand.EqualDistOneShotAgent,0,[],0,136,0,0,0,69,0,80,0,80,32,0,48,0,68,1.0011717677116394e-07,0,[]
000220251128H130949687433kHMw_LitaAgentY-LitaAgentYR-LitaAgentCteh.075e0dd5,scml.oneshot.sysagents.DefaultOneShotAdapter:scml.oneshot.agents.greedy.GreedyOneShotAgent,0,[],0,330,0,0,0,167,0,160,80,160,35,80,125,7,165,2.0023435354232788e-07,0,[]
000220251128H130949687433kHMw_LitaAgentY-LitaAgentYR-LitaAgentCteh.075e0dd5,scml.oneshot.sysagents.DefaultOneShotAdapter:litaagent_std.litaagent_cir.LitaAgentCIR,0,[],0,134,0,0,0,68,0,80,0,80,33,0,47,5,67,9.988434612751007e-08,0,[]
000220251128H130949687433kHMw_LitaAgentY-LitaAgentYR-LitaAgentCteh.075e0dd5,scml.oneshot.sysagents.DefaultOneShotAdapter:litaagent_std.litaagent_yr.LitaAgentYR,0,[],0,64,0,0,0,33,0,80,80,80,68,80,12,16,32,9.988434612751007e-08,0,[]
000220251128H130949687433kHMw_LitaAgentY-LitaAgentYR-LitaAgentCteh.075e0dd5,scml.oneshot.sysagents.DefaultOneShotAdapter:scml.oneshot.agents.rand.RandDistOneShotAgent,0,[],0,288,0,0,0,146,0,160,160,160,55,160,104,0,144,3.0011869966983795e-07,0,[]
000220251128H130949687433kHMw_LitaAgentY-LitaAgentYR-LitaAgentCteh.075e0dd5,scml.oneshot.sysagents.DefaultOneShotAdapter:litaagent_std.litaagent_y.LitaAgentY,0,[],0,124,0,0,0,63,0,80,0,80,37,0,42,4,62,4.00003045797348e-07,0,[]
000220251128H130949687433kHMw_LitaAgentY-LitaAgentYR-LitaAgentCteh.075e0dd5,System,0,[],0,320,0,0,0,168,0,0,0,0,0,0,0,0,160,3.0011869966983795e-07,0,[]
000220251128H130949687433kHMw_LitaAgentN-LitaAgentP-MPdT.087bcdc0,scml.oneshot.sysagents.DefaultOneShotAdapter:litaagent_std.litaagent_p.LitaAgentP,0,[],0,40,0,0,0,21,0,80,0,80,80,0,0,0,20,8.998904377222061e-07,0,[]
000220251128H130949687433kHMw_LitaAgentN-LitaAgentP-MPdT.087bcdc0,scml.oneshot.sysagents.DefaultOneShotAdapter:litaagent_std.litaagent_n.LitaAgentN,0,[],0,40,0,0,0,21,0,80,80,80,80,80,0,0,20,2.00001522898674e-07,0,[]
000220251128H130949687433kHMw_LitaAgentN-LitaAgentP-MPdT.087bcdc0,scml.oneshot.sysagents.DefaultOneShotAdapter:scml.oneshot.agents.rand.EqualDistOneShotAgent,0,[],0,122,0,0,0,62,0,80,0,80,39,0,41,1,61,2.00001522898674e-07,0,[]
000220251128H130949687433kHMw_LitaAgentN-LitaAgentP-MPdT.087bcdc0,scml.oneshot.sysagents.DefaultOneShotAdapter:scml_agents.scml2025.oneshot.mat.mat.MATAgent,0,[],0,136,0,0,0,69,0,80,0,80,32,0,48,0,68,2.998858690261841e-07,0,[]
000220251128H130949687433kHMw_LitaAgentN-LitaAgentP-MPdT.087bcdc0,scml.oneshot.sysagents.DefaultOneShotAdapter:scml.oneshot.agents.greedy.GreedyOneShotAgent,0,[],0,308,0,0,0,156,0,160,80,160,46,80,114,0,154,4.00003045797348e-07,0,[]
000220251128H130949687433kHMw_LitaAgentN-LitaAgentP-MPdT.087bcdc0,scml.oneshot.sysagents.DefaultOneShotAdapter:scml.oneshot.agents.rand.RandDistOneShotAgent,0,[],0,250,0,0,0,127,0,160,160,160,75,160,85,1,125,4.998873919248581e-07,0,[]
000220251128H130949687433kHMw_LitaAgentN-LitaAgentP-MPdT.087bcdc0,System,0,[],0,320,0,0,0,168,0,0,0,0,0,0,0,0,160,6.00004568696022e-07,0,[]
000220251128H130949687433kHMw_LitaAgentY-LitaAgentYR-LitaAgentCteh.06175875,scml.oneshot.sysagents.DefaultOneShotAdapter:scml.oneshot.agents.rand.EqualDistOneShotAgent,0,[],0,116,0,0,0,59,0,80,0,80,42,0,38,0,58,3.0011869966983795e-07,0,[]
000220251128H130949687433kHMw_LitaAgentY-LitaAgentYR-LitaAgentCteh.06175875,scml.oneshot.sysagents.DefaultOneShotAdapter:scml.oneshot.agents.greedy.GreedyOneShotAgent,0,[],0,346,0,0,0,175,0,160,80,160,27,80,133,0,173,5.00120222568512e-07,0,[]
000220251128H130949687433kHMw_LitaAgentY-LitaAgentYR-LitaAgentCteh.06175875,scml.oneshot.sysagents.DefaultOneShotAdapter:litaagent_std.litaagent_cir.LitaAgentCIR,0,[],0,40,0,0,0,21,0,80,80,80,80,80,0,0,20,2.998858690261841e-07,0,[]
000220251128H130949687433kHMw_LitaAgentY-LitaAgentYR-LitaAgentCteh.06175875,scml.oneshot.sysagents.DefaultOneShotAdapter:litaagent_std.litaagent_yr.LitaAgentYR,0,[],0,122,0,0,0,62,0,80,0,80,39,0,41,0,61,1.00000761449337e-06,0,[]
000220251128H130949687433kHMw_LitaAgentY-LitaAgentYR-LitaAgentCteh.06175875,scml.oneshot.sysagents.DefaultOneShotAdapter:scml.oneshot.agents.rand.RandDistOneShotAgent,0,[],0,266,0,0,0,135,0,160,160,160,67,160,93,1,133,4.00003045797348e-07,0,[]
000220251128H130949687433kHMw_LitaAgentY-LitaAgentYR-LitaAgentCteh.06175875,scml.oneshot.sysagents.DefaultOneShotAdapter:litaagent_std.litaagent_y.LitaAgentY,0,[],0,118,0,0,0,60,0,80,0,80,41,0,39,1,59,4.00003045797348e-07,0,[]
000220251128H130949687433kHMw_LitaAgentY-LitaAgentYR-LitaAgentCteh.06175875,System,0,[],0,320,0,0,0,168,0,0,0,0,0,0,0,0,160,5.00120222568512e-07,0,[]
000120251128H130949660922ppJj_LitaAgentY-LitaAgentC-LitaAgentPY1R.033f68a2,scml.oneshot.sysagents.DefaultOneShotAdapter:litaagent_std.litaagent_p.LitaAgentP,0,[],0,40,0,0,0,21,0,120,0,120,120,0,0,0,20,7.00121745467186e-07,0,[]
000120251128H130949660922ppJj_LitaAgentY-LitaAgentC-LitaAgentPY1R.033f68a2,scml.oneshot.sysagents.DefaultOneShotAdapter:scml.oneshot.agents.rand.EqualDistOneShotAgent,0,[],0,408,0,0,0,207,0,320,200,320,176,200,144,0,204,4.00003045797348e-07,0,[]
000120251128H130949660922ppJj_LitaAgentY-LitaAgentC-LitaAgentPY1R.033f68a2,scml.oneshot.sysagents.DefaultOneShotAdapter:scml.oneshot.agents.greedy.GreedyOneShotAgent,0,[],0,372,0,0,0,188,0,220,100,220,74,100,146,0,186,2.998858690261841e-07,0,[]
000120251128H130949660922ppJj_LitaAgentY-LitaAgentC-LitaAgentPY1R.033f68a2,scml.oneshot.sysagents.DefaultOneShotAdapter:litaagent_std.litaagent_cir.LitaAgentCIR,0,[],0,40,0,0,0,21,0,100,100,100,100,100,0,0,20,2.00001522898674e-07,0,[]
000120251128H130949660922ppJj_LitaAgentY-LitaAgentC-LitaAgentPY1R.033f68a2,scml.oneshot.sysagents.DefaultOneShotAdapter:scml.oneshot.agents.rand.RandDistOneShotAgent,0,[],0,468,0,0,0,237,0,340,100,340,166,100,174,0,234,4.00003045797348e-07,0,[]
000120251128H130949660922ppJj_LitaAgentY-LitaAgentC-LitaAgentPY1R.033f68a2,scml.oneshot.sysagents.DefaultOneShotAdapter:litaagent_std.litaagent_y.LitaAgentY,0,[],0,144,0,0,0,73,0,100,100,100,48,100,52,0,72,9.988434612751007e-08,0,[]
000120251128H130949660922ppJj_LitaAgentY-LitaAgentC-LitaAgentPY1R.033f68a2,System,0,[],0,440,0,0,0,231,0,0,0,0,0,0,0,0,220,2.0023435354232788e-07,0,[]
000220251128H130949687433kHMw_LitaAgentY-LitaAgentP-MyM0.065277fe,scml.oneshot.sysagents.DefaultOneShotAdapter:litaagent_std.litaagent_p.LitaAgentP,0,[],0,40,0,0,0,21,0,80,0,80,80,0,0,0,20,2.00001522898674e-07,0,[]
000220251128H130949687433kHMw_LitaAgentY-LitaAgentP-MyM0.065277fe,scml.oneshot.sysagents.DefaultOneShotAdapter:scml.oneshot.agents.rand.EqualDistOneShotAgent,0,[],0,138,0,0,0,70,0,80,0,80,31,0,49,0,69,2.00001522898674e-07,0,[]
000220251128H130949687433kHMw_LitaAgentY-LitaAgentP-MyM0.065277fe,scml.oneshot.sysagents.DefaultOneShotAdapter:scml_agents.scml2025.oneshot.mat.mat.MATAgent,0,[],0,152,0,0,0,77,0,80,0,80,24,0,56,0,76,8.00006091594696e-07,0,[]
000220251128H130949687433kHMw_LitaAgentY-LitaAgentP-MyM0.065277fe,scml.oneshot.sysagents.DefaultOneShotAdapter:scml.oneshot.agents.greedy.GreedyOneShotAgent,0,[],0,326,0,0,0,165,0,160,80,160,37,80,123,0,163,4.00003045797348e-07,0,[]
000220251128H130949687433kHMw_LitaAgentY-LitaAgentP-MyM0.065277fe,scml.oneshot.sysagents.DefaultOneShotAdapter:scml.oneshot.agents.rand.RandDistOneShotAgent,0,[],0,264,0,0,0,134,0,160,160,160,68,160,92,0,132,4.00003045797348e-07,0,[]
000220251128H130949687433kHMw_LitaAgentY-LitaAgentP-MyM0.065277fe,scml.oneshot.sysagents.DefaultOneShotAdapter:litaagent_std.litaagent_y.LitaAgentY,0,[],0,112,0,0,0,57,0,80,80,80,44,80,36,0,56,2.00001522898674e-07,0,[]
000220251128H130949687433kHMw_LitaAgentY-LitaAgentP-MyM0.065277fe,System,0,[],0,320,0,0,0,168,0,0,0,0,0,0,0,0,160,4.00003045797348e-07,0,[]
000120251128H130949660922ppJj_LitaAgentY-LitaAgentC-LitaAgentPY1R.05311d22,scml.oneshot.sysagents.DefaultOneShotAdapter:litaagent_std.litaagent_p.LitaAgentP,0,[],0,40,0,0,0,21,0,100,100,100,100,100,0,0,20,3.0011869966983795e-07,0,[]
000120251128H130949660922ppJj_LitaAgentY-LitaAgentC-LitaAgentPY1R.05311d22,scml.oneshot.sysagents.DefaultOneShotAdapter:scml.oneshot.agents.rand.EqualDistOneShotAgent,0,[],0,406,0,0,0,206,0,320,200,320,177,200,143,0,203,8.00006091594696e-07,0,[]
000120251128H130949660922ppJj_LitaAgentY-LitaAgentC-LitaAgentPY1R.05311d22,scml.oneshot.sysagents.DefaultOneShotAdapter:scml.oneshot.agents.greedy.GreedyOneShotAgent,0,[],0,392,0,0,0,198,0,220,100,220,64,100,156,0,196,5.00120222568512e-07,0,[]
000120251128H130949660922ppJj_LitaAgentY-LitaAgentC-LitaAgentPY1R.05311d22,scml.oneshot.sysagents.DefaultOneShotAdapter:litaagent_std.litaagent_cir.LitaAgentCIR,0,[],0,40,0,0,0,21,0,100,100,100,100,100,0,0,20,2.00001522898674e-07,0,[]
000120251128H130949660922ppJj_LitaAgentY-LitaAgentC-LitaAgentPY1R.05311d22,scml.oneshot.sysagents.DefaultOneShotAdapter:scml.oneshot.agents.rand.RandDistOneShotAgent,0,[],0,444,0,0,0,225,0,340,100,340,178,100,162,1,222,5.997717380523682e-07,0,[]
000120251128H130949660922ppJj_LitaAgentY-LitaAgentC-LitaAgentPY1R.05311d22,scml.oneshot.sysagents.DefaultOneShotAdapter:litaagent_std.litaagent_y.LitaAgentY,0,[],0,114,0,0,0,58,0,120,0,120,83,0,37,1,57,7.00121745467186e-07,0,[]
000120251128H130949660922ppJj_LitaAgentY-LitaAgentC-LitaAgentPY1R.05311d22,System,0,[],0,440,0,0,0,231,0,0,0,0,0,0,0,0,220,4.00003045797348e-07,0,[]
000020251128H1309496249196qBU_LitaAgentC-LitaAgentP-Mdvv.029352df,scml.oneshot.sysagents.DefaultOneShotAdapter:litaagent_std.litaagent_p.LitaAgentP,0,[],0,40,0,0,0,21,0,120,0,120,120,0,0,0,20,1.0011717677116394e-07,0,[]
000020251128H1309496249196qBU_LitaAgentC-LitaAgentP-Mdvv.029352df,scml.oneshot.sysagents.DefaultOneShotAdapter:scml.oneshot.agents.rand.EqualDistOneShotAgent,0,[],0,458,0,0,0,232,0,320,200,320,151,200,169,0,229,2.998858690261841e-07,0,[]
000020251128H1309496249196qBU_LitaAgentC-LitaAgentP-Mdvv.029352df,scml.oneshot.sysagents.DefaultOneShotAdapter:scml_agents.scml2025.oneshot.mat.mat.MATAgent,0,[],0,138,0,0,0,70,0,100,100,100,51,100,49,0,69,9.988434612751007e-08,0,[]
000020251128H1309496249196qBU_LitaAgentC-LitaAgentP-Mdvv.029352df,scml.oneshot.sysagents.DefaultOneShotAdapter:scml.oneshot.agents.greedy.GreedyOneShotAgent,0,[],0,378,0,0,0,191,0,220,100,220,71,100,149,0,189,2.998858690261841e-07,0,[]
000020251128H1309496249196qBU_LitaAgentC-LitaAgentP-Mdvv.029352df,scml.oneshot.sysagents.DefaultOneShotAdapter:litaagent_std.litaagent_cir.LitaAgentCIR,0,[],0,176,0,0,0,89,0,120,0,120,52,0,68,0,88,6.00004568696022e-07,0,[]
000020251128H1309496249196qBU_LitaAgentC-LitaAgentP-Mdvv.029352df,scml.oneshot.sysagents.DefaultOneShotAdapter:scml.oneshot.agents.rand.RandDistOneShotAgent,0,[],0,494,0,0,0,250,0,320,200,320,133,200,187,0,247,4.00003045797348e-07,0,[]
000020251128H1309496249196qBU_LitaAgentC-LitaAgentP-Mdvv.029352df,System,0,[],0,440,0,0,0,231,0,0,0,0,0,0,0,0,220,3.0011869966983795e-07,0,[]
000020251128H1309496249196qBU_LitaAgentY-LitaAgentC-MTHq.015b0b66,scml.oneshot.sysagents.DefaultOneShotAdapter:scml.oneshot.agents.rand.EqualDistOneShotAgent,0,[],0,502,0,0,0,254,0,320,200,320,129,200,191,1,251,3.003515303134918e-07,0,[]
000020251128H1309496249196qBU_LitaAgentY-LitaAgentC-MTHq.015b0b66,scml.oneshot.sysagents.DefaultOneShotAdapter:scml_agents.scml2025.oneshot.mat.mat.MATAgent,0,[],0,170,0,0,0,86,0,120,0,120,55,0,65,6,85,6.998889148235321e-07,0,[]
000020251128H1309496249196qBU_LitaAgentY-LitaAgentC-MTHq.015b0b66,scml.oneshot.sysagents.DefaultOneShotAdapter:scml.oneshot.agents.greedy.GreedyOneShotAgent,0,[],0,342,0,0,0,173,0,220,100,220,89,100,131,14,171,2.00001522898674e-07,0,[]
000020251128H1309496249196qBU_LitaAgentY-LitaAgentC-MTHq.015b0b66,scml.oneshot.sysagents.DefaultOneShotAdapter:litaagent_std.litaagent_cir.LitaAgentCIR,0,[],0,160,0,0,0,81,0,120,0,120,60,0,60,14,80,2.00001522898674e-07,0,[]
000020251128H1309496249196qBU_LitaAgentY-LitaAgentC-MTHq.015b0b66,scml.oneshot.sysagents.DefaultOneShotAdapter:litaagent_std.litaagent_yr.LitaAgentYR,0,[],0,124,0,0,0,63,0,100,100,100,58,100,42,36,62,9.988434612751007e-08,0,[]
000020251128H1309496249196qBU_LitaAgentY-LitaAgentC-MTHq.015b0b66,scml.oneshot.sysagents.DefaultOneShotAdapter:scml.oneshot.agents.rand.RandDistOneShotAgent,0,[],0,542,0,0,0,274,0,320,200,320,109,200,211,1,271,4.00003045797348e-07,0,[]
000020251128H1309496249196qBU_LitaAgentY-LitaAgentC-MTHq.015b0b66,System,0,[],0,440,0,0,0,231,0,0,0,0,0,0,0,0,220,2.998858690261841e-07,0,[]
000220251128H130949687433kHMw_LitaAgentY-LitaAgentYR-LitaAgentCteh.08af8d30,scml.oneshot.sysagents.DefaultOneShotAdapter:scml.oneshot.agents.rand.EqualDistOneShotAgent,0,[],0,140,0,0,0,71,0,80,0,80,30,0,50,0,70,2.00001522898674e-07,0,[]
000220251128H130949687433kHMw_LitaAgentY-LitaAgentYR-LitaAgentCteh.08af8d30,scml.oneshot.sysagents.DefaultOneShotAdapter:scml.oneshot.agents.greedy.GreedyOneShotAgent,0,[],0,330,0,0,0,167,0,160,80,160,34,80,125,0,165,2.998858690261841e-07,0,[]
000220251128H130949687433kHMw_LitaAgentY-LitaAgentYR-LitaAgentCteh.08af8d30,scml.oneshot.sysagents.DefaultOneShotAdapter:litaagent_std.litaagent_cir.LitaAgentCIR,0,[],0,136,0,0,0,69,0,80,0,80,32,0,48,0,68,7.00121745467186e-07,0,[]
000220251128H130949687433kHMw_LitaAgentY-LitaAgentYR-LitaAgentCteh.08af8d30,scml.oneshot.sysagents.DefaultOneShotAdapter:litaagent_std.litaagent_yr.LitaAgentYR,0,[],0,120,0,0,0,61,0,80,0,80,38,0,40,0,60,1.0011717677116394e-07,0,[]
000220251128H130949687433kHMw_LitaAgentY-LitaAgentYR-LitaAgentCteh.08af8d30,scml.oneshot.sysagents.DefaultOneShotAdapter:scml.oneshot.agents.rand.RandDistOneShotAgent,0,[],0,278,0,0,0,141,0,160,160,160,60,160,99,0,139,3.0011869966983795e-07,0,[]
000220251128H130949687433kHMw_LitaAgentY-LitaAgentYR-LitaAgentCteh.08af8d30,scml.oneshot.sysagents.DefaultOneShotAdapter:litaagent_std.litaagent_y.LitaAgentY,0,[],0,72,0,0,0,37,0,80,80,80,62,80,16,0,36,1.0011717677116394e-07,0,[]
000220251128H130949687433kHMw_LitaAgentY-LitaAgentYR-LitaAgentCteh.08af8d30,System,0,[],0,320,0,0,0,168,0,0,0,0,0,0,0,0,160,3.0011869966983795e-07,0,[]
000220251128H130949687433kHMw_LitaAgentY-LitaAgentC-LitaAgentNZ8D.064f8676,scml.oneshot.sysagents.DefaultOneShotAdapter:litaagent_std.litaagent_n.LitaAgentN,0,[],0,40,0,0,0,21,0,80,80,80,80,80,0,0,20,2.00001522898674e-07,0,[]
000220251128H130949687433kHMw_LitaAgentY-LitaAgentC-LitaAgentNZ8D.064f8676,scml.oneshot.sysagents.DefaultOneShotAdapter:scml.oneshot.agents.rand.EqualDistOneShotAgent,0,[],0,124,0,0,0,63,0,80,0,80,38,0,42,0,62,2.00001522898674e-07,0,[]
000220251128H130949687433kHMw_LitaAgentY-LitaAgentC-LitaAgentNZ8D.064f8676,scml.oneshot.sysagents.DefaultOneShotAdapter:scml.oneshot.agents.greedy.GreedyOneShotAgent,0,[],0,336,0,0,0,170,0,160,80,160,32,80,128,0,168,4.00003045797348e-07,0,[]
000220251128H130949687433kHMw_LitaAgentY-LitaAgentC-LitaAgentNZ8D.064f8676,scml.oneshot.sysagents.DefaultOneShotAdapter:litaagent_std.litaagent_cir.LitaAgentCIR,0,[],0,136,0,0,0,69,0,80,0,80,32,0,48,0,68,1.2998934835195541e-06,0,[]
000220251128H130949687433kHMw_LitaAgentY-LitaAgentC-LitaAgentNZ8D.064f8676,scml.oneshot.sysagents.DefaultOneShotAdapter:scml.oneshot.agents.rand.RandDistOneShotAgent,0,[],0,286,0,0,0,145,0,160,160,160,55,160,103,0,143,4.00003045797348e-07,0,[]
000220251128H130949687433kHMw_LitaAgentY-LitaAgentC-LitaAgentNZ8D.064f8676,scml.oneshot.sysagents.DefaultOneShotAdapter:litaagent_std.litaagent_y.LitaAgentY,0,[],0,122,0,0,0,62,0,80,0,80,37,0,41,0,61,3.0011869966983795e-07,0,[]
000220251128H130949687433kHMw_LitaAgentY-LitaAgentC-LitaAgentNZ8D.064f8676,System,0,[],0,320,0,0,0,168,0,0,0,0,0,0,0,0,160,4.998873919248581e-07,0,[]
000220251128H130949687433kHMw_LitaAgentY-LitaAgentC-LitaAgentNp4Y.07047f4a,scml.oneshot.sysagents.DefaultOneShotAdapter:litaagent_std.litaagent_n.LitaAgentN,0,[],0,170,0,0,0,86,0,80,0,80,15,0,65,1,85,6.00004568696022e-07,0,[]
000220251128H130949687433kHMw_LitaAgentY-LitaAgentC-LitaAgentNp4Y.07047f4a,scml.oneshot.sysagents.DefaultOneShotAdapter:scml.oneshot.agents.rand.EqualDistOneShotAgent,0,[],0,128,0,0,0,65,0,80,0,80,36,0,44,2,64,2.00001522898674e-07,0,[]
000220251128H130949687433kHMw_LitaAgentY-LitaAgentC-LitaAgentNp4Y.07047f4a,scml.oneshot.sysagents.DefaultOneShotAdapter:scml.oneshot.agents.greedy.GreedyOneShotAgent,0,[],0,332,0,0,0,168,0,160,80,160,34,80,126,8,166,4.00003045797348e-07,0,[]
000220251128H130949687433kHMw_LitaAgentY-LitaAgentC-LitaAgentNp4Y.07047f4a,scml.oneshot.sysagents.DefaultOneShotAdapter:litaagent_std.litaagent_cir.LitaAgentCIR,0,[],0,134,0,0,0,68,0,80,0,80,33,0,47,9,67,2.00001522898674e-07,0,[]
000220251128H130949687433kHMw_LitaAgentY-LitaAgentC-LitaAgentNp4Y.07047f4a,scml.oneshot.sysagents.DefaultOneShotAdapter:litaagent_std.litaagent_yr.LitaAgentYR,0,[],0,94,0,0,0,48,0,80,80,80,53,80,27,20,47,9.988434612751007e-08,0,[]
000220251128H130949687433kHMw_LitaAgentY-LitaAgentC-LitaAgentNp4Y.07047f4a,scml.oneshot.sysagents.DefaultOneShotAdapter:scml.oneshot.agents.rand.RandDistOneShotAgent,0,[],0,298,0,0,0,151,0,160,160,160,51,160,109,0,149,8.00006091594696e-07,0,[]
000220251128H130949687433kHMw_LitaAgentY-LitaAgentC-LitaAgentNp4Y.07047f4a,System,0,[],0,320,0,0,0,168,0,0,0,0,0,0,0,0,160,1.9976869225502014e-07,0,[]
000120251128H130949660922ppJj_LitaAgentY-LitaAgentYR-LitaAgentPBjJ.03c53eb1,scml.oneshot.sysagents.DefaultOneShotAdapter:litaagent_std.litaagent_p.LitaAgentP,0,[],0,40,0,0,0,21,0,120,0,120,120,0,0,0,20,1.0998919606208801e-06,0,[]
000120251128H130949660922ppJj_LitaAgentY-LitaAgentYR-LitaAgentPBjJ.03c53eb1,scml.oneshot.sysagents.DefaultOneShotAdapter:scml.oneshot.agents.rand.EqualDistOneShotAgent,0,[],0,500,0,0,0,253,0,320,200,320,130,200,190,0,250,8.996576070785522e-07,0,[]
000120251128H130949660922ppJj_LitaAgentY-LitaAgentYR-LitaAgentPBjJ.03c53eb1,scml.oneshot.sysagents.DefaultOneShotAdapter:scml.oneshot.agents.greedy.GreedyOneShotAgent,0,[],0,350,0,0,0,177,0,220,100,220,85,100,135,11,175,4.00003045797348e-07,0,[]
000120251128H130949660922ppJj_LitaAgentY-LitaAgentYR-LitaAgentPBjJ.03c53eb1,scml.oneshot.sysagents.DefaultOneShotAdapter:litaagent_std.litaagent_yr.LitaAgentYR,0,[],0,116,0,0,0,59,0,100,100,100,62,100,38,11,58,2.00001522898674e-07,0,[]
000120251128H130949660922ppJj_LitaAgentY-LitaAgentYR-LitaAgentPBjJ.03c53eb1,scml.oneshot.sysagents.DefaultOneShotAdapter:scml.oneshot.agents.rand.RandDistOneShotAgent,0,[],0,542,0,0,0,274,0,340,100,340,129,100,211,0,271,6.998889148235321e-07,0,[]
000120251128H130949660922ppJj_LitaAgentY-LitaAgentYR-LitaAgentPBjJ.03c53eb1,scml.oneshot.sysagents.DefaultOneShotAdapter:litaagent_std.litaagent_y.LitaAgentY,0,[],0,116,0,0,0,59,0,100,100,100,62,100,38,0,58,2.998858690261841e-07,0,[]
000120251128H130949660922ppJj_LitaAgentY-LitaAgentYR-LitaAgentPBjJ.03c53eb1,System,0,[],0,440,0,0,0,231,0,0,0,0,0,0,0,0,220,4.00003045797348e-07,0,[]
000220251128H130949687433kHMw_LitaAgentY-LitaAgentYR-LitaAgentNbua.07d7a52b,scml.oneshot.sysagents.DefaultOneShotAdapter:litaagent_std.litaagent_n.LitaAgentN,0,[],0,166,0,0,0,84,0,80,0,80,17,0,63,0,83,1.0011717677116394e-07,0,[]
000220251128H130949687433kHMw_LitaAgentY-LitaAgentYR-LitaAgentNbua.07d7a52b,scml.oneshot.sysagents.DefaultOneShotAdapter:scml.oneshot.agents.rand.EqualDistOneShotAgent,0,[],0,142,0,0,0,72,0,80,0,80,29,0,51,0,71,1.0011717677116394e-07,0,[]
000220251128H130949687433kHMw_LitaAgentY-LitaAgentYR-LitaAgentNbua.07d7a52b,scml.oneshot.sysagents.DefaultOneShotAdapter:scml.oneshot.agents.greedy.GreedyOneShotAgent,0,[],0,366,0,0,0,185,0,160,80,160,16,80,143,0,183,2.998858690261841e-07,0,[]
000220251128H130949687433kHMw_LitaAgentY-LitaAgentYR-LitaAgentNbua.07d7a52b,scml.oneshot.sysagents.DefaultOneShotAdapter:litaagent_std.litaagent_yr.LitaAgentYR,0,[],0,104,0,0,0,53,0,80,0,80,46,0,32,1,52,6.00004568696022e-07,0,[]
000220251128H130949687433kHMw_LitaAgentY-LitaAgentYR-LitaAgentNbua.07d7a52b,scml.oneshot.sysagents.DefaultOneShotAdapter:scml.oneshot.agents.rand.RandDistOneShotAgent,0,[],0,284,0,0,0,144,0,160,160,160,57,160,102,1,142,2.0023435354232788e-07,0,[]
000220251128H130949687433kHMw_LitaAgentY-LitaAgentYR-LitaAgentNbua.07d7a52b,scml.oneshot.sysagents.DefaultOneShotAdapter:litaagent_std.litaagent_y.LitaAgentY,0,[],0,114,0,0,0,58,0,80,80,80,41,80,37,0,57,2.00001522898674e-07,0,[]
000220251128H130949687433kHMw_LitaAgentY-LitaAgentYR-LitaAgentNbua.07d7a52b,System,0,[],0,320,0,0,0,168,0,0,0,0,0,0,0,0,160,2.0023435354232788e-07,0,[]
000120251128H130949660922ppJj_LitaAgentY-LitaAgentN-MAaf.03faee4e,scml.oneshot.sysagents.DefaultOneShotAdapter:litaagent_std.litaagent_n.LitaAgentN,0,[],0,40,0,0,0,21,0,100,100,100,100,100,0,0,20,2.998858690261841e-07,0,[]
000120251128H130949660922ppJj_LitaAgentY-LitaAgentN-MAaf.03faee4e,scml.oneshot.sysagents.DefaultOneShotAdapter:scml.oneshot.agents.rand.EqualDistOneShotAgent,0,[],0,476,0,0,0,241,0,320,200,320,142,200,178,0,238,9.0012326836586e-07,0,[]
000120251128H130949660922ppJj_LitaAgentY-LitaAgentN-MAaf.03faee4e,scml.oneshot.sysagents.DefaultOneShotAdapter:scml_agents.scml2025.oneshot.mat.mat.MATAgent,0,[],0,140,0,0,0,71,0,100,100,100,50,100,50,0,70,3.0011869966983795e-07,0,[]
000120251128H130949660922ppJj_LitaAgentY-LitaAgentN-MAaf.03faee4e,scml.oneshot.sysagents.DefaultOneShotAdapter:scml.oneshot.agents.greedy.GreedyOneShotAgent,0,[],0,376,0,0,0,190,0,220,100,220,72,100,148,0,188,4.00003045797348e-07,0,[]
000120251128H130949660922ppJj_LitaAgentY-LitaAgentN-MAaf.03faee4e,scml.oneshot.sysagents.DefaultOneShotAdapter:litaagent_std.litaagent_yr.LitaAgentYR,0,[],0,136,0,0,0,69,0,120,0,120,72,0,48,0,68,6.998889148235321e-07,0,[]
000120251128H130949660922ppJj_LitaAgentY-LitaAgentN-MAaf.03faee4e,scml.oneshot.sysagents.DefaultOneShotAdapter:scml.oneshot.agents.rand.RandDistOneShotAgent,0,[],0,488,0,0,0,247,0,340,100,340,156,100,184,0,244,6.00004568696022e-07,0,[]
000120251128H130949660922ppJj_LitaAgentY-LitaAgentN-MAaf.03faee4e,System,0,[],0,440,0,0,0,231,0,0,0,0,0,0,0,0,220,5.00120222568512e-07,0,[]
000120251128H130949660922ppJj_LitaAgentY-LitaAgentYR-LitaAgentN9To.0306040b,scml.oneshot.sysagents.DefaultOneShotAdapter:litaagent_std.litaagent_n.LitaAgentN,0,[],0,40,0,0,0,21,0,100,100,100,100,100,0,0,20,2.00001522898674e-07,0,[]
000120251128H130949660922ppJj_LitaAgentY-LitaAgentYR-LitaAgentN9To.0306040b,scml.oneshot.sysagents.DefaultOneShotAdapter:scml.oneshot.agents.rand.EqualDistOneShotAgent,0,[],0,440,0,0,0,223,0,320,200,320,160,200,160,0,220,4.998873919248581e-07,0,[]
000120251128H130949660922ppJj_LitaAgentY-LitaAgentYR-LitaAgentN9To.0306040b,scml.oneshot.sysagents.DefaultOneShotAdapter:scml.oneshot.agents.greedy.GreedyOneShotAgent,0,[],0,378,0,0,0,191,0,220,100,220,71,100,149,10,189,2.998858690261841e-07,0,[]
000120251128H130949660922ppJj_LitaAgentY-LitaAgentYR-LitaAgentN9To.0306040b,scml.oneshot.sysagents.DefaultOneShotAdapter:litaagent_std.litaagent_yr.LitaAgentYR,0,[],0,112,0,0,0,57,0,100,100,100,64,100,36,20,56,2.00001522898674e-07,0,[]
000120251128H130949660922ppJj_LitaAgentY-LitaAgentYR-LitaAgentN9To.0306040b,scml.oneshot.sysagents.DefaultOneShotAdapter:scml.oneshot.agents.rand.RandDistOneShotAgent,0,[],0,474,0,0,0,240,0,340,100,340,163,100,177,0,237,6.00004568696022e-07,0,[]
000120251128H130949660922ppJj_LitaAgentY-LitaAgentYR-LitaAgentN9To.0306040b,scml.oneshot.sysagents.DefaultOneShotAdapter:litaagent_std.litaagent_y.LitaAgentY,0,[],0,108,0,0,0,55,0,120,0,120,86,0,34,10,54,8.998904377222061e-07,0,[]
000120251128H130949660922ppJj_LitaAgentY-LitaAgentYR-LitaAgentN9To.0306040b,System,0,[],0,440,0,0,0,231,0,0,0,0,0,0,0,0,220,4.998873919248581e-07,0,[]
000120251128H130949660922ppJj_LitaAgentY-LitaAgentN-MAaf.0456bda2,scml.oneshot.sysagents.DefaultOneShotAdapter:litaagent_std.litaagent_n.LitaAgentN,0,[],0,40,0,0,0,21,0,100,100,100,100,100,0,0,20,9.988434612751007e-08,0,[]
000120251128H130949660922ppJj_LitaAgentY-LitaAgentN-MAaf.0456bda2,scml.oneshot.sysagents.DefaultOneShotAdapter:scml.oneshot.agents.rand.EqualDistOneShotAgent,0,[],0,466,0,0,0,236,0,320,200,320,147,200,173,1,233,3.9977021515369415e-07,0,[]
000120251128H130949660922ppJj_LitaAgentY-LitaAgentN-MAaf.0456bda2,scml.oneshot.sysagents.DefaultOneShotAdapter:scml_agents.scml2025.oneshot.mat.mat.MATAgent,0,[],0,184,0,0,0,93,0,120,0,120,48,0,72,6,92,6.00004568696022e-07,0,[]
000120251128H130949660922ppJj_LitaAgentY-LitaAgentN-MAaf.0456bda2,scml.oneshot.sysagents.DefaultOneShotAdapter:scml.oneshot.agents.greedy.GreedyOneShotAgent,0,[],0,350,0,0,0,177,0,220,100,220,85,100,135,18,175,4.00003045797348e-07,0,[]
000120251128H130949660922ppJj_LitaAgentY-LitaAgentN-MAaf.0456bda2,scml.oneshot.sysagents.DefaultOneShotAdapter:litaagent_std.litaagent_yr.LitaAgentYR,0,[],0,140,0,0,0,71,0,100,100,100,50,100,50,26,70,1.0011717677116394e-07,0,[]
000120251128H130949660922ppJj_LitaAgentY-LitaAgentN-MAaf.0456bda2,scml.oneshot.sysagents.DefaultOneShotAdapter:scml.oneshot.agents.rand.RandDistOneShotAgent,0,[],0,484,0,0,0,245,0,340,100,340,158,100,182,1,242,4.00003045797348e-07,0,[]
000120251128H130949660922ppJj_LitaAgentY-LitaAgentN-MAaf.0456bda2,System,0,[],0,440,0,0,0,231,0,0,0,0,0,0,0,0,220,2.00001522898674e-07,0,[]
000020251128H1309496249196qBU_LitaAgentY-LitaAgentC-M9Cy.00e31d9a,scml.oneshot.sysagents.DefaultOneShotAdapter:scml.oneshot.agents.rand.EqualDistOneShotAgent,0,[],0,508,0,0,0,257,0,320,200,320,126,200,194,0,254,6.00004568696022e-07,0,[]
000020251128H1309496249196qBU_LitaAgentY-LitaAgentC-M9Cy.00e31d9a,scml.oneshot.sysagents.DefaultOneShotAdapter:scml_agents.scml2025.oneshot.mat.mat.MATAgent,0,[],0,182,0,0,0,92,0,120,0,120,49,0,71,0,91,2.00001522898674e-07,0,[]
000020251128H1309496249196qBU_LitaAgentY-LitaAgentC-M9Cy.00e31d9a,scml.oneshot.sysagents.DefaultOneShotAdapter:scml.oneshot.agents.greedy.GreedyOneShotAgent,0,[],0,382,0,0,0,193,0,220,100,220,69,100,151,0,191,5.00120222568512e-07,0,[]
000020251128H1309496249196qBU_LitaAgentY-LitaAgentC-M9Cy.00e31d9a,scml.oneshot.sysagents.DefaultOneShotAdapter:litaagent_std.litaagent_cir.LitaAgentCIR,0,[],0,148,0,0,0,75,0,120,0,120,66,0,54,0,74,8.998904377222061e-07,0,[]
000020251128H1309496249196qBU_LitaAgentY-LitaAgentC-M9Cy.00e31d9a,scml.oneshot.sysagents.DefaultOneShotAdapter:scml.oneshot.agents.rand.RandDistOneShotAgent,0,[],0,530,0,0,0,268,0,320,200,320,115,200,205,0,265,6.998889148235321e-07,0,[]
000020251128H1309496249196qBU_LitaAgentY-LitaAgentC-M9Cy.00e31d9a,scml.oneshot.sysagents.DefaultOneShotAdapter:litaagent_std.litaagent_y.LitaAgentY,0,[],0,126,0,0,0,64,0,100,100,100,57,100,43,0,63,2.00001522898674e-07,0,[]
000020251128H1309496249196qBU_LitaAgentY-LitaAgentC-M9Cy.00e31d9a,System,0,[],0,440,0,0,0,231,0,0,0,0,0,0,0,0,220,4.00003045797348e-07,0,[]
000120251128H130949660922ppJj_LitaAgentY-LitaAgentN-LitaAgentPVaS.036802f1,scml.oneshot.sysagents.DefaultOneShotAdapter:litaagent_std.litaagent_n.LitaAgentN,0,[],0,188,0,0,0,95,0,120,0,120,46,0,74,4,94,1.0998919606208801e-06,0,[]
000120251128H130949660922ppJj_LitaAgentY-LitaAgentN-LitaAgentPVaS.036802f1,scml.oneshot.sysagents.DefaultOneShotAdapter:litaagent_std.litaagent_p.LitaAgentP,0,[],0,40,0,0,0,21,0,100,100,100,100,100,0,0,20,2.998858690261841e-07,0,[]
000120251128H130949660922ppJj_LitaAgentY-LitaAgentN-LitaAgentPVaS.036802f1,scml.oneshot.sysagents.DefaultOneShotAdapter:scml.oneshot.agents.rand.EqualDistOneShotAgent,0,[],0,498,0,0,0,252,0,320,200,320,131,200,189,1,249,6.00004568696022e-07,0,[]
000120251128H130949660922ppJj_LitaAgentY-LitaAgentN-LitaAgentPVaS.036802f1,scml.oneshot.sysagents.DefaultOneShotAdapter:scml.oneshot.agents.greedy.GreedyOneShotAgent,0,[],0,356,0,0,0,180,0,220,100,220,82,100,138,15,178,5.00120222568512e-07,0,[]
000120251128H130949660922ppJj_LitaAgentY-LitaAgentN-LitaAgentPVaS.036802f1,scml.oneshot.sysagents.DefaultOneShotAdapter:litaagent_std.litaagent_yr.LitaAgentYR,0,[],0,146,0,0,0,74,0,100,100,100,47,100,53,23,73,2.00001522898674e-07,0,[]
000120251128H130949660922ppJj_LitaAgentY-LitaAgentN-LitaAgentPVaS.036802f1,scml.oneshot.sysagents.DefaultOneShotAdapter:scml.oneshot.agents.rand.RandDistOneShotAgent,0,[],0,508,0,0,0,257,0,340,100,340,146,100,194,3,254,6.00004568696022e-07,0,[]
000120251128H130949660922ppJj_LitaAgentY-LitaAgentN-LitaAgentPVaS.036802f1,System,0,[],0,440,0,0,0,231,0,0,0,0,0,0,0,0,220,4.00003045797348e-07,0,[]
000220251128H130949687433kHMw_LitaAgentY-LitaAgentYR-MQt9.06a05850,scml.oneshot.sysagents.DefaultOneShotAdapter:scml.oneshot.agents.rand.EqualDistOneShotAgent,0,[],0,130,0,0,0,66,0,80,0,80,35,0,45,0,65,2.00001522898674e-07,0,[]
000220251128H130949687433kHMw_LitaAgentY-LitaAgentYR-MQt9.06a05850,scml.oneshot.sysagents.DefaultOneShotAdapter:scml_agents.scml2025.oneshot.mat.mat.MATAgent,0,[],0,172,0,0,0,87,0,80,0,80,14,0,66,0,86,6.00004568696022e-07,0,[]
000220251128H130949687433kHMw_LitaAgentY-LitaAgentYR-MQt9.06a05850,scml.oneshot.sysagents.DefaultOneShotAdapter:scml.oneshot.agents.greedy.GreedyOneShotAgent,0,[],0,326,0,0,0,165,0,160,80,160,36,80,123,0,163,4.00003045797348e-07,0,[]
000220251128H130949687433kHMw_LitaAgentY-LitaAgentYR-MQt9.06a05850,scml.oneshot.sysagents.DefaultOneShotAdapter:litaagent_std.litaagent_yr.LitaAgentYR,0,[],0,100,0,0,0,51,0,80,0,80,47,0,30,0,50,2.00001522898674e-07,0,[]
000220251128H130949687433kHMw_LitaAgentY-LitaAgentYR-MQt9.06a05850,scml.oneshot.sysagents.DefaultOneShotAdapter:scml.oneshot.agents.rand.RandDistOneShotAgent,0,[],0,276,0,0,0,140,0,160,160,160,60,160,98,0,138,4.00003045797348e-07,0,[]
000220251128H130949687433kHMw_LitaAgentY-LitaAgentYR-MQt9.06a05850,scml.oneshot.sysagents.DefaultOneShotAdapter:litaagent_std.litaagent_y.LitaAgentY,0,[],0,96,0,0,0,49,0,80,80,80,50,80,28,0,48,2.00001522898674e-07,0,[]
000220251128H130949687433kHMw_LitaAgentY-LitaAgentYR-MQt9.06a05850,System,0,[],0,320,0,0,0,168,0,0,0,0,0,0,0,0,160,4.00003045797348e-07,0,[]
000020251128H1309496249196qBU_LitaAgentY-LitaAgentYR-LitaAgentPB2u.02c4465f,scml.oneshot.sysagents.DefaultOneShotAdapter:litaagent_std.litaagent_p.LitaAgentP,0,[],0,40,0,0,0,21,0,100,100,100,100,100,0,0,20,2.00001522898674e-07,0,[]
000020251128H1309496249196qBU_LitaAgentY-LitaAgentYR-LitaAgentPB2u.02c4465f,scml.oneshot.sysagents.DefaultOneShotAdapter:scml.oneshot.agents.rand.EqualDistOneShotAgent,0,[],0,468,0,0,0,237,0,320,200,320,146,200,174,0,234,4.998873919248581e-07,0,[]
000020251128H1309496249196qBU_LitaAgentY-LitaAgentYR-LitaAgentPB2u.02c4465f,scml.oneshot.sysagents.DefaultOneShotAdapter:scml.oneshot.agents.greedy.GreedyOneShotAgent,0,[],0,406,0,0,0,205,0,220,100,220,57,100,163,0,203,4.00003045797348e-07,0,[]
000020251128H1309496249196qBU_LitaAgentY-LitaAgentYR-LitaAgentPB2u.02c4465f,scml.oneshot.sysagents.DefaultOneShotAdapter:litaagent_std.litaagent_yr.LitaAgentYR,0,[],0,150,0,0,0,76,0,120,0,120,65,0,55,0,75,2.998858690261841e-07,0,[]
000020251128H1309496249196qBU_LitaAgentY-LitaAgentYR-LitaAgentPB2u.02c4465f,scml.oneshot.sysagents.DefaultOneShotAdapter:scml.oneshot.agents.rand.RandDistOneShotAgent,0,[],0,502,0,0,0,254,0,320,200,320,129,200,191,0,251,6.00004568696022e-07,0,[]
000020251128H1309496249196qBU_LitaAgentY-LitaAgentYR-LitaAgentPB2u.02c4465f,scml.oneshot.sysagents.DefaultOneShotAdapter:litaagent_std.litaagent_y.LitaAgentY,0,[],0,154,0,0,0,78,0,120,0,120,63,0,57,0,77,8.00006091594696e-07,0,[]
000020251128H1309496249196qBU_LitaAgentY-LitaAgentYR-LitaAgentPB2u.02c4465f,System,0,[],0,440,0,0,0,231,0,0,0,0,0,0,0,0,220,6.00004568696022e-07,0,[]
000120251128H130949660922ppJj_LitaAgentY-LitaAgentN-MAuw.03f450f3,scml.oneshot.sysagents.DefaultOneShotAdapter:litaagent_std.litaagent_n.LitaAgentN,0,[],0,40,0,0,0,21,0,100,100,100,100,100,0,0,20,2.00001522898674e-07,0,[]
000120251128H130949660922ppJj_LitaAgentY-LitaAgentN-MAuw.03f450f3,scml.oneshot.sysagents.DefaultOneShotAdapter:scml.oneshot.agents.rand.EqualDistOneShotAgent,0,[],0,476,0,0,0,241,0,320,200,320,142,200,178,0,238,3.0011869966983795e-07,0,[]
000120251128H130949660922ppJj_LitaAgentY-LitaAgentN-MAuw.03f450f3,scml.oneshot.sysagents.DefaultOneShotAdapter:scml_agents.scml2025.oneshot.mat.mat.MATAgent,0,[],0,134,0,0,0,68,0,100,100,100,53,100,47,0,67,2.00001522898674e-07,0,[]
000120251128H130949660922ppJj_LitaAgentY-LitaAgentN-MAuw.03f450f3,scml.oneshot.sysagents.DefaultOneShotAdapter:scml.oneshot.agents.greedy.GreedyOneShotAgent,0,[],0,394,0,0,0,199,0,220,100,220,63,100,157,0,197,4.00003045797348e-07,0,[]
000120251128H130949660922ppJj_LitaAgentY-LitaAgentN-MAuw.03f450f3,scml.oneshot.sysagents.DefaultOneShotAdapter:scml.oneshot.agents.rand.RandDistOneShotAgent,0,[],0,478,0,0,0,242,0,340,100,340,161,100,179,1,239,4.00003045797348e-07,0,[]
000120251128H130949660922ppJj_LitaAgentY-LitaAgentN-MAuw.03f450f3,scml.oneshot.sysagents.DefaultOneShotAdapter:litaagent_std.litaagent_y.LitaAgentY,0,[],0,134,0,0,0,68,0,120,0,120,73,0,47,1,67,6.998889148235321e-07,0,[]
000120251128H130949660922ppJj_LitaAgentY-LitaAgentN-MAuw.03f450f3,System,0,[],0,440,0,0,0,231,0,0,0,0,0,0,0,0,220,2.00001522898674e-07,0,[]
000220251128H130949687433kHMw_LitaAgentY-LitaAgentN-MMly.08507c21,scml.oneshot.sysagents.DefaultOneShotAdapter:litaagent_std.litaagent_n.LitaAgentN,0,[],0,162,0,0,0,82,0,80,0,80,19,0,61,0,81,9.988434612751007e-08,0,[]
000220251128H130949687433kHMw_LitaAgentY-LitaAgentN-MMly.08507c21,scml.oneshot.sysagents.DefaultOneShotAdapter:scml.oneshot.agents.rand.EqualDistOneShotAgent,0,[],0,126,0,0,0,64,0,80,0,80,37,0,43,0,63,2.00001522898674e-07,0,[]
000220251128H130949687433kHMw_LitaAgentY-LitaAgentN-MMly.08507c21,scml.oneshot.sysagents.DefaultOneShotAdapter:scml_agents.scml2025.oneshot.mat.mat.MATAgent,0,[],0,160,0,0,0,81,0,80,0,80,20,0,60,0,80,1.00000761449337e-06,0,[]
000220251128H130949687433kHMw_LitaAgentY-LitaAgentN-MMly.08507c21,scml.oneshot.sysagents.DefaultOneShotAdapter:scml.oneshot.agents.greedy.GreedyOneShotAgent,0,[],0,364,0,0,0,184,0,160,80,160,18,80,142,0,182,2.0023435354232788e-07,0,[]
000220251128H130949687433kHMw_LitaAgentY-LitaAgentN-MMly.08507c21,scml.oneshot.sysagents.DefaultOneShotAdapter:scml.oneshot.agents.rand.RandDistOneShotAgent,0,[],0,308,0,0,0,156,0,160,160,160,46,160,114,0,154,2.998858690261841e-07,0,[]
000220251128H130949687433kHMw_LitaAgentY-LitaAgentN-MMly.08507c21,scml.oneshot.sysagents.DefaultOneShotAdapter:litaagent_std.litaagent_y.LitaAgentY,0,[],0,120,0,0,0,61,0,80,80,80,40,80,40,0,60,9.988434612751007e-08,0,[]
000220251128H130949687433kHMw_LitaAgentY-LitaAgentN-MMly.08507c21,System,0,[],0,320,0,0,0,168,0,0,0,0,0,0,0,0,160,2.0023435354232788e-07,0,[]
000220251128H130949687433kHMw_LitaAgentY-LitaAgentN-MZiR.0803fec5,scml.oneshot.sysagents.DefaultOneShotAdapter:litaagent_std.litaagent_n.LitaAgentN,0,[],0,40,0,0,0,21,0,80,80,80,80,80,0,0,20,2.00001522898674e-07,0,[]
000220251128H130949687433kHMw_LitaAgentY-LitaAgentN-MZiR.0803fec5,scml.oneshot.sysagents.DefaultOneShotAdapter:scml.oneshot.agents.rand.EqualDistOneShotAgent,0,[],0,118,0,0,0,60,0,80,0,80,41,0,39,0,59,2.00001522898674e-07,0,[]
000220251128H130949687433kHMw_LitaAgentY-LitaAgentN-MZiR.0803fec5,scml.oneshot.sysagents.DefaultOneShotAdapter:scml_agents.scml2025.oneshot.mat.mat.MATAgent,0,[],0,148,0,0,0,75,0,80,0,80,26,0,54,0,74,4.998873919248581e-07,0,[]
000220251128H130949687433kHMw_LitaAgentY-LitaAgentN-MZiR.0803fec5,scml.oneshot.sysagents.DefaultOneShotAdapter:scml.oneshot.agents.greedy.GreedyOneShotAgent,0,[],0,348,0,0,0,176,0,160,80,160,26,80,134,0,174,2.00001522898674e-07,0,[]
000220251128H130949687433kHMw_LitaAgentY-LitaAgentN-MZiR.0803fec5,scml.oneshot.sysagents.DefaultOneShotAdapter:litaagent_std.litaagent_yr.LitaAgentYR,0,[],0,104,0,0,0,53,0,80,0,80,46,0,32,0,52,2.00001522898674e-07,0,[]
000220251128H130949687433kHMw_LitaAgentY-LitaAgentN-MZiR.0803fec5,scml.oneshot.sysagents.DefaultOneShotAdapter:scml.oneshot.agents.rand.RandDistOneShotAgent,0,[],0,278,0,0,0,141,0,160,160,160,59,160,99,0,139,2.00001522898674e-07,0,[]
000220251128H130949687433kHMw_LitaAgentY-LitaAgentN-MZiR.0803fec5,System,0,[],0,320,0,0,0,168,0,0,0,0,0,0,0,0,160,2.998858690261841e-07,0,[]
000120251128H130949660922ppJj_LitaAgentY-LitaAgentC-LitaAgentPY1R.04010d0f,scml.oneshot.sysagents.DefaultOneShotAdapter:litaagent_std.litaagent_p.LitaAgentP,0,[],0,40,0,0,0,21,0,100,100,100,100,100,0,0,20,2.00001522898674e-07,0,[]
000120251128H130949660922ppJj_LitaAgentY-LitaAgentC-LitaAgentPY1R.04010d0f,scml.oneshot.sysagents.DefaultOneShotAdapter:scml.oneshot.agents.rand.EqualDistOneShotAgent,0,[],0,468,0,0,0,237,0,320,200,320,145,200,174,0,234,6.00004568696022e-07,0,[]
000120251128H130949660922ppJj_LitaAgentY-LitaAgentC-LitaAgentPY1R.04010d0f,scml.oneshot.sysagents.DefaultOneShotAdapter:scml.oneshot.agents.greedy.GreedyOneShotAgent,0,[],0,402,0,0,0,203,0,220,100,220,59,100,161,0,201,5.00120222568512e-07,0,[]
000120251128H130949660922ppJj_LitaAgentY-LitaAgentC-LitaAgentPY1R.04010d0f,scml.oneshot.sysagents.DefaultOneShotAdapter:litaagent_std.litaagent_cir.LitaAgentCIR,0,[],0,108,0,0,0,55,0,120,0,120,84,0,34,0,54,9.0012326836586e-07,0,[]
000120251128H130949660922ppJj_LitaAgentY-LitaAgentC-LitaAgentPY1R.04010d0f,scml.oneshot.sysagents.DefaultOneShotAdapter:scml.oneshot.agents.rand.RandDistOneShotAgent,0,[],0,470,0,0,0,238,0,340,100,340,165,100,175,0,235,6.00004568696022e-07,0,[]
000120251128H130949660922ppJj_LitaAgentY-LitaAgentC-LitaAgentPY1R.04010d0f,scml.oneshot.sysagents.DefaultOneShotAdapter:litaagent_std.litaagent_y.LitaAgentY,0,[],0,124,0,0,0,63,0,100,100,100,57,100,42,0,62,2.00001522898674e-07,0,[]
000120251128H130949660922ppJj_LitaAgentY-LitaAgentC-LitaAgentPY1R.04010d0f,System,0,[],0,440,0,0,0,231,0,0,0,0,0,0,0,0,220,4.998873919248581e-07,0,[]
000220251128H130949687433kHMw_LitaAgentY-LitaAgentN-LitaAgentP3v0.080a552d,scml.oneshot.sysagents.DefaultOneShotAdapter:litaagent_std.litaagent_p.LitaAgentP,0,[],0,40,0,0,0,21,0,80,0,80,80,0,0,0,20,6.998889148235321e-07,0,[]
000220251128H130949687433kHMw_LitaAgentY-LitaAgentN-LitaAgentP3v0.080a552d,scml.oneshot.sysagents.DefaultOneShotAdapter:litaagent_std.litaagent_n.LitaAgentN,0,[],0,164,0,0,0,83,0,80,0,80,18,0,62,0,82,2.00001522898674e-07,0,[]
000220251128H130949687433kHMw_LitaAgentY-LitaAgentN-LitaAgentP3v0.080a552d,scml.oneshot.sysagents.DefaultOneShotAdapter:scml.oneshot.agents.rand.EqualDistOneShotAgent,0,[],0,132,0,0,0,67,0,80,0,80,34,0,46,0,66,2.00001522898674e-07,0,[]
000220251128H130949687433kHMw_LitaAgentY-LitaAgentN-LitaAgentP3v0.080a552d,scml.oneshot.sysagents.DefaultOneShotAdapter:scml.oneshot.agents.greedy.GreedyOneShotAgent,0,[],0,344,0,0,0,174,0,160,80,160,28,80,132,0,172,4.00003045797348e-07,0,[]
000220251128H130949687433kHMw_LitaAgentY-LitaAgentN-LitaAgentP3v0.080a552d,scml.oneshot.sysagents.DefaultOneShotAdapter:scml.oneshot.agents.rand.RandDistOneShotAgent,0,[],0,246,0,0,0,125,0,160,160,160,77,160,83,0,123,5.00120222568512e-07,0,[]
000220251128H130949687433kHMw_LitaAgentY-LitaAgentN-LitaAgentP3v0.080a552d,scml.oneshot.sysagents.DefaultOneShotAdapter:litaagent_std.litaagent_y.LitaAgentY,0,[],0,118,0,0,0,60,0,80,80,80,41,80,39,0,59,2.00001522898674e-07,0,[]
000220251128H130949687433kHMw_LitaAgentY-LitaAgentN-LitaAgentP3v0.080a552d,System,0,[],0,320,0,0,0,168,0,0,0,0,0,0,0,0,160,5.00120222568512e-07,0,[]
000220251128H130949687433kHMw_LitaAgentY-LitaAgentN-LitaAgentPwc9.06a574d3,scml.oneshot.sysagents.DefaultOneShotAdapter:litaagent_std.litaagent_p.LitaAgentP,0,[],0,40,0,0,0,21,0,80,0,80,80,0,0,0,20,6.00004568696022e-07,0,[]
000220251128H130949687433kHMw_LitaAgentY-LitaAgentN-LitaAgentPwc9.06a574d3,scml.oneshot.sysagents.DefaultOneShotAdapter:litaagent_std.litaagent_n.LitaAgentN,0,[],0,172,0,0,0,87,0,80,0,80,14,0,66,0,86,2.00001522898674e-07,0,[]
000220251128H130949687433kHMw_LitaAgentY-LitaAgentN-LitaAgentPwc9.06a574d3,scml.oneshot.sysagents.DefaultOneShotAdapter:scml.oneshot.agents.rand.EqualDistOneShotAgent,0,[],0,128,0,0,0,65,0,80,0,80,36,0,44,1,64,9.988434612751007e-08,0,[]
000220251128H130949687433kHMw_LitaAgentY-LitaAgentN-LitaAgentPwc9.06a574d3,scml.oneshot.sysagents.DefaultOneShotAdapter:scml.oneshot.agents.greedy.GreedyOneShotAgent,0,[],0,296,0,0,0,150,0,160,80,160,52,80,108,7,148,2.00001522898674e-07,0,[]
000220251128H130949687433kHMw_LitaAgentY-LitaAgentN-LitaAgentPwc9.06a574d3,scml.oneshot.sysagents.DefaultOneShotAdapter:litaagent_std.litaagent_yr.LitaAgentYR,0,[],0,84,0,0,0,43,0,80,80,80,58,80,22,8,42,9.988434612751007e-08,0,[]
000220251128H130949687433kHMw_LitaAgentY-LitaAgentN-LitaAgentPwc9.06a574d3,scml.oneshot.sysagents.DefaultOneShotAdapter:scml.oneshot.agents.rand.RandDistOneShotAgent,0,[],0,252,0,0,0,128,0,160,160,160,74,160,86,0,126,2.0023435354232788e-07,0,[]
000220251128H130949687433kHMw_LitaAgentY-LitaAgentN-LitaAgentPwc9.06a574d3,System,0,[],0,320,0,0,0,168,0,0,0,0,0,0,0,0,160,2.998858690261841e-07,0,[]
000120251128H130949660922ppJj_LitaAgentY-LitaAgentP-M50P.03fef40e,scml.oneshot.sysagents.DefaultOneShotAdapter:litaagent_std.litaagent_p.LitaAgentP,0,[],0,40,0,0,0,21,0,100,100,100,100,100,0,0,20,9.988434612751007e-08,0,[]
000120251128H130949660922ppJj_LitaAgentY-LitaAgentP-M50P.03fef40e,scml.oneshot.sysagents.DefaultOneShotAdapter:scml.oneshot.agents.rand.EqualDistOneShotAgent,0,[],0,456,0,0,0,231,0,320,200,320,152,200,168,2,228,3.003515303134918e-07,0,[]
000120251128H130949660922ppJj_LitaAgentY-LitaAgentP-M50P.03fef40e,scml.oneshot.sysagents.DefaultOneShotAdapter:scml_agents.scml2025.oneshot.mat.mat.MATAgent,0,[],0,174,0,0,0,88,0,120,0,120,53,0,67,6,87,6.00004568696022e-07,0,[]
000120251128H130949660922ppJj_LitaAgentY-LitaAgentP-M50P.03fef40e,scml.oneshot.sysagents.DefaultOneShotAdapter:scml.oneshot.agents.greedy.GreedyOneShotAgent,0,[],0,350,0,0,0,177,0,220,100,220,85,100,135,18,175,3.0011869966983795e-07,0,[]
000120251128H130949660922ppJj_LitaAgentY-LitaAgentP-M50P.03fef40e,scml.oneshot.sysagents.DefaultOneShotAdapter:litaagent_std.litaagent_yr.LitaAgentYR,0,[],0,146,0,0,0,74,0,100,100,100,47,100,53,30,73,1.0011717677116394e-07,0,[]
000120251128H130949660922ppJj_LitaAgentY-LitaAgentP-M50P.03fef40e,scml.oneshot.sysagents.DefaultOneShotAdapter:scml.oneshot.agents.rand.RandDistOneShotAgent,0,[],0,474,0,0,0,240,0,340,100,340,163,100,177,4,237,4.002358764410019e-07,0,[]
000120251128H130949660922ppJj_LitaAgentY-LitaAgentP-M50P.03fef40e,System,0,[],0,440,0,0,0,231,0,0,0,0,0,0,0,0,220,1.9976869225502014e-07,0,[]
000120251128H130949660922ppJj_LitaAgentY-LitaAgentN-MAuw.0422890f,scml.oneshot.sysagents.DefaultOneShotAdapter:litaagent_std.litaagent_n.LitaAgentN,0,[],0,40,0,0,0,21,0,100,100,100,100,100,0,0,20,2.00001522898674e-07,0,[]
000120251128H130949660922ppJj_LitaAgentY-LitaAgentN-MAuw.0422890f,scml.oneshot.sysagents.DefaultOneShotAdapter:scml.oneshot.agents.rand.EqualDistOneShotAgent,0,[],0,462,0,0,0,234,0,320,200,320,149,200,171,0,231,6.998889148235321e-07,0,[]
000120251128H130949660922ppJj_LitaAgentY-LitaAgentN-MAuw.0422890f,scml.oneshot.sysagents.DefaultOneShotAdapter:scml_agents.scml2025.oneshot.mat.mat.MATAgent,0,[],0,164,0,0,0,83,0,120,0,120,58,0,62,0,82,8.00006091594696e-07,0,[]
000120251128H130949660922ppJj_LitaAgentY-LitaAgentN-MAuw.0422890f,scml.oneshot.sysagents.DefaultOneShotAdapter:scml.oneshot.agents.greedy.GreedyOneShotAgent,0,[],0,374,0,0,0,189,0,220,100,220,73,100,147,0,187,4.00003045797348e-07,0,[]
000120251128H130949660922ppJj_LitaAgentY-LitaAgentN-MAuw.0422890f,scml.oneshot.sysagents.DefaultOneShotAdapter:scml.oneshot.agents.rand.RandDistOneShotAgent,0,[],0,472,0,0,0,239,0,340,100,340,164,100,176,0,236,6.00004568696022e-07,0,[]
000120251128H130949660922ppJj_LitaAgentY-LitaAgentN-MAuw.0422890f,scml.oneshot.sysagents.DefaultOneShotAdapter:litaagent_std.litaagent_y.LitaAgentY,0,[],0,124,0,0,0,63,0,100,100,100,58,100,42,0,62,2.998858690261841e-07,0,[]
000120251128H130949660922ppJj_LitaAgentY-LitaAgentN-MAuw.0422890f,System,0,[],0,440,0,0,0,231,0,0,0,0,0,0,0,0,220,6.998889148235321e-07,0,[]
000120251128H130949660922ppJj_LitaAgentY-LitaAgentYR-LitaAgentN9To.040f520d,scml.oneshot.sysagents.DefaultOneShotAdapter:litaagent_std.litaagent_n.LitaAgentN,0,[],0,40,0,0,0,21,0,100,100,100,100,100,0,0,20,9.988434612751007e-08,0,[]
000120251128H130949660922ppJj_LitaAgentY-LitaAgentYR-LitaAgentN9To.040f520d,scml.oneshot.sysagents.DefaultOneShotAdapter:scml.oneshot.agents.rand.EqualDistOneShotAgent,0,[],0,480,0,0,0,243,0,320,200,320,140,200,180,0,240,3.0011869966983795e-07,0,[]
000120251128H130949660922ppJj_LitaAgentY-LitaAgentYR-LitaAgentN9To.040f520d,scml.oneshot.sysagents.DefaultOneShotAdapter:scml.oneshot.agents.greedy.GreedyOneShotAgent,0,[],0,410,0,0,0,207,0,220,100,220,55,100,165,0,205,2.00001522898674e-07,0,[]
000120251128H130949660922ppJj_LitaAgentY-LitaAgentYR-LitaAgentN9To.040f520d,scml.oneshot.sysagents.DefaultOneShotAdapter:litaagent_std.litaagent_yr.LitaAgentYR,0,[],0,124,0,0,0,63,0,120,0,120,77,0,42,0,62,6.00004568696022e-07,0,[]
000120251128H130949660922ppJj_LitaAgentY-LitaAgentYR-LitaAgentN9To.040f520d,scml.oneshot.sysagents.DefaultOneShotAdapter:scml.oneshot.agents.rand.RandDistOneShotAgent,0,[],0,494,0,0,0,250,0,340,100,340,153,100,187,0,247,3.9977021515369415e-07,0,[]
000120251128H130949660922ppJj_LitaAgentY-LitaAgentYR-LitaAgentN9To.040f520d,scml.oneshot.sysagents.DefaultOneShotAdapter:litaagent_std.litaagent_y.LitaAgentY,0,[],0,124,0,0,0,63,0,100,100,100,57,100,42,0,62,1.0011717677116394e-07,0,[]
000120251128H130949660922ppJj_LitaAgentY-LitaAgentYR-LitaAgentN9To.040f520d,System,0,[],0,440,0,0,0,231,0,0,0,0,0,0,0,0,220,2.00001522898674e-07,0,[]
000220251128H130949687433kHMw_LitaAgentY-LitaAgentC-LitaAgentPv9g.07ab8101,scml.oneshot.sysagents.DefaultOneShotAdapter:litaagent_std.litaagent_p.LitaAgentP,0,[],0,40,0,0,0,21,0,80,80,80,80,80,0,0,20,2.00001522898674e-07,0,[]
000220251128H130949687433kHMw_LitaAgentY-LitaAgentC-LitaAgentPv9g.07ab8101,scml.oneshot.sysagents.DefaultOneShotAdapter:scml.oneshot.agents.rand.EqualDistOneShotAgent,0,[],0,128,0,0,0,65,0,80,0,80,36,0,44,0,64,2.00001522898674e-07,0,[]
000220251128H130949687433kHMw_LitaAgentY-LitaAgentC-LitaAgentPv9g.07ab8101,scml.oneshot.sysagents.DefaultOneShotAdapter:scml.oneshot.agents.greedy.GreedyOneShotAgent,0,[],0,354,0,0,0,179,0,160,80,160,23,80,137,0,177,5.00120222568512e-07,0,[]
000220251128H130949687433kHMw_LitaAgentY-LitaAgentC-LitaAgentPv9g.07ab8101,scml.oneshot.sysagents.DefaultOneShotAdapter:litaagent_std.litaagent_cir.LitaAgentCIR,0,[],0,130,0,0,0,66,0,80,0,80,35,0,45,0,65,9.0012326836586e-07,0,[]
000220251128H130949687433kHMw_LitaAgentY-LitaAgentC-LitaAgentPv9g.07ab8101,scml.oneshot.sysagents.DefaultOneShotAdapter:scml.oneshot.agents.rand.RandDistOneShotAgent,0,[],0,282,0,0,0,143,0,160,160,160,59,160,101,0,141,4.00003045797348e-07,0,[]
000220251128H130949687433kHMw_LitaAgentY-LitaAgentC-LitaAgentPv9g.07ab8101,scml.oneshot.sysagents.DefaultOneShotAdapter:litaagent_std.litaagent_y.LitaAgentY,0,[],0,110,0,0,0,56,0,80,0,80,45,0,35,0,55,2.998858690261841e-07,0,[]
000220251128H130949687433kHMw_LitaAgentY-LitaAgentC-LitaAgentPv9g.07ab8101,System,0,[],0,320,0,0,0,168,0,0,0,0,0,0,0,0,160,3.0011869966983795e-07,0,[]
000220251128H130949687433kHMw_LitaAgentY-LitaAgentYR-LitaAgentP03f.0761d087,scml.oneshot.sysagents.DefaultOneShotAdapter:litaagent_std.litaagent_p.LitaAgentP,0,[],0,40,0,0,0,21,0,80,80,80,80,80,0,0,20,9.988434612751007e-08,0,[]
000220251128H130949687433kHMw_LitaAgentY-LitaAgentYR-LitaAgentP03f.0761d087,scml.oneshot.sysagents.DefaultOneShotAdapter:scml.oneshot.agents.rand.EqualDistOneShotAgent,0,[],0,124,0,0,0,63,0,80,0,80,38,0,42,0,62,2.00001522898674e-07,0,[]
000220251128H130949687433kHMw_LitaAgentY-LitaAgentYR-LitaAgentP03f.0761d087,scml.oneshot.sysagents.DefaultOneShotAdapter:scml.oneshot.agents.greedy.GreedyOneShotAgent,0,[],0,346,0,0,0,175,0,160,80,160,27,80,133,0,173,2.00001522898674e-07,0,[]
000220251128H130949687433kHMw_LitaAgentY-LitaAgentYR-LitaAgentP03f.0761d087,scml.oneshot.sysagents.DefaultOneShotAdapter:litaagent_std.litaagent_yr.LitaAgentYR,0,[],0,118,0,0,0,60,0,80,0,80,40,0,39,0,59,2.00001522898674e-07,0,[]
000220251128H130949687433kHMw_LitaAgentY-LitaAgentYR-LitaAgentP03f.0761d087,scml.oneshot.sysagents.DefaultOneShotAdapter:scml.oneshot.agents.rand.RandDistOneShotAgent,0,[],0,264,0,0,0,134,0,160,160,160,67,160,92,0,132,2.998858690261841e-07,0,[]
000220251128H130949687433kHMw_LitaAgentY-LitaAgentYR-LitaAgentP03f.0761d087,scml.oneshot.sysagents.DefaultOneShotAdapter:litaagent_std.litaagent_y.LitaAgentY,0,[],0,116,0,0,0,59,0,80,0,80,42,0,38,0,58,7.00121745467186e-07,0,[]
000220251128H130949687433kHMw_LitaAgentY-LitaAgentYR-LitaAgentP03f.0761d087,System,0,[],0,320,0,0,0,168,0,0,0,0,0,0,0,0,160,2.00001522898674e-07,0,[]
000020251128H1309496249196qBU_LitaAgentC-LitaAgentP-Mdvv.01858e41,scml.oneshot.sysagents.DefaultOneShotAdapter:litaagent_std.litaagent_p.LitaAgentP,0,[],0,40,0,0,0,21,0,100,100,100,100,100,0,0,20,3.0011869966983795e-07,0,[]
000020251128H1309496249196qBU_LitaAgentC-LitaAgentP-Mdvv.01858e41,scml.oneshot.sysagents.DefaultOneShotAdapter:scml.oneshot.agents.rand.EqualDistOneShotAgent,0,[],0,490,0,0,0,248,0,320,200,320,135,200,185,0,245,8.002389222383499e-07,0,[]
000020251128H1309496249196qBU_LitaAgentC-LitaAgentP-Mdvv.01858e41,scml.oneshot.sysagents.DefaultOneShotAdapter:scml_agents.scml2025.oneshot.mat.mat.MATAgent,0,[],0,182,0,0,0,92,0,120,0,120,49,0,71,0,91,1.00000761449337e-06,0,[]
000020251128H1309496249196qBU_LitaAgentC-LitaAgentP-Mdvv.01858e41,scml.oneshot.sysagents.DefaultOneShotAdapter:scml.oneshot.agents.greedy.GreedyOneShotAgent,0,[],0,398,0,0,0,201,0,220,100,220,61,100,159,0,199,6.002373993396759e-07,0,[]
000020251128H1309496249196qBU_LitaAgentC-LitaAgentP-Mdvv.01858e41,scml.oneshot.sysagents.DefaultOneShotAdapter:litaagent_std.litaagent_cir.LitaAgentCIR,0,[],0,168,0,0,0,85,0,120,0,120,56,0,64,0,84,2.00001522898674e-07,0,[]
000020251128H1309496249196qBU_LitaAgentC-LitaAgentP-Mdvv.01858e41,scml.oneshot.sysagents.DefaultOneShotAdapter:scml.oneshot.agents.rand.RandDistOneShotAgent,0,[],0,498,0,0,0,252,0,320,200,320,131,200,189,0,249,6.998889148235321e-07,0,[]
000020251128H1309496249196qBU_LitaAgentC-LitaAgentP-Mdvv.01858e41,System,0,[],0,440,0,0,0,231,0,0,0,0,0,0,0,0,220,4.998873919248581e-07,0,[]
000120251128H130949660922ppJj_LitaAgentY-LitaAgentC-LitaAgentNpd0.05024378,scml.oneshot.sysagents.DefaultOneShotAdapter:litaagent_std.litaagent_n.LitaAgentN,0,[],0,40,0,0,0,21,0,100,100,100,100,100,0,0,20,2.00001522898674e-07,0,[]
000120251128H130949660922ppJj_LitaAgentY-LitaAgentC-LitaAgentNpd0.05024378,scml.oneshot.sysagents.DefaultOneShotAdapter:scml.oneshot.agents.rand.EqualDistOneShotAgent,0,[],0,410,0,0,0,208,0,320,200,320,175,200,145,0,205,6.00004568696022e-07,0,[]
000120251128H130949660922ppJj_LitaAgentY-LitaAgentC-LitaAgentNpd0.05024378,scml.oneshot.sysagents.DefaultOneShotAdapter:scml.oneshot.agents.greedy.GreedyOneShotAgent,0,[],0,396,0,0,0,200,0,220,100,220,62,100,158,0,198,4.998873919248581e-07,0,[]
000120251128H130949660922ppJj_LitaAgentY-LitaAgentC-LitaAgentNpd0.05024378,scml.oneshot.sysagents.DefaultOneShotAdapter:litaagent_std.litaagent_cir.LitaAgentCIR,0,[],0,40,0,0,0,21,0,100,100,100,100,100,0,0,20,2.00001522898674e-07,0,[]
000120251128H130949660922ppJj_LitaAgentY-LitaAgentC-LitaAgentNpd0.05024378,scml.oneshot.sysagents.DefaultOneShotAdapter:scml.oneshot.agents.rand.RandDistOneShotAgent,0,[],0,436,0,0,0,221,0,340,100,340,181,100,158,1,218,6.998889148235321e-07,0,[]
000120251128H130949660922ppJj_LitaAgentY-LitaAgentC-LitaAgentNpd0.05024378,scml.oneshot.sysagents.DefaultOneShotAdapter:litaagent_std.litaagent_y.LitaAgentY,0,[],0,118,0,0,0,60,0,120,0,120,80,0,39,1,59,1.00000761449337e-06,0,[]
000120251128H130949660922ppJj_LitaAgentY-LitaAgentC-LitaAgentNpd0.05024378,System,0,[],0,440,0,0,0,231,0,0,0,0,0,0,0,0,220,5.00120222568512e-07,0,[]
000220251128H130949687433kHMw_LitaAgentN-LitaAgentP-MPdT.077c8af5,scml.oneshot.sysagents.DefaultOneShotAdapter:litaagent_std.litaagent_n.LitaAgentN,0,[],0,148,0,0,0,75,0,80,0,80,26,0,54,0,74,9.988434612751007e-08,0,[]
000220251128H130949687433kHMw_LitaAgentN-LitaAgentP-MPdT.077c8af5,scml.oneshot.sysagents.DefaultOneShotAdapter:litaagent_std.litaagent_p.LitaAgentP,0,[],0,40,0,0,0,21,0,80,80,80,80,80,0,0,20,1.0011717677116394e-07,0,[]
000220251128H130949687433kHMw_LitaAgentN-LitaAgentP-MPdT.077c8af5,scml.oneshot.sysagents.DefaultOneShotAdapter:scml.oneshot.agents.rand.EqualDistOneShotAgent,0,[],0,118,0,0,0,60,0,80,0,80,41,0,39,0,59,9.988434612751007e-08,0,[]
000220251128H130949687433kHMw_LitaAgentN-LitaAgentP-MPdT.077c8af5,scml.oneshot.sysagents.DefaultOneShotAdapter:scml_agents.scml2025.oneshot.mat.mat.MATAgent,0,[],0,146,0,0,0,74,0,80,0,80,27,0,53,0,73,6.00004568696022e-07,0,[]
000220251128H130949687433kHMw_LitaAgentN-LitaAgentP-MPdT.077c8af5,scml.oneshot.sysagents.DefaultOneShotAdapter:scml.oneshot.agents.greedy.GreedyOneShotAgent,0,[],0,334,0,0,0,169,0,160,80,160,33,80,127,0,167,2.998858690261841e-07,0,[]
000220251128H130949687433kHMw_LitaAgentN-LitaAgentP-MPdT.077c8af5,scml.oneshot.sysagents.DefaultOneShotAdapter:scml.oneshot.agents.rand.RandDistOneShotAgent,0,[],0,314,0,0,0,159,0,160,160,160,43,160,117,0,157,4.00003045797348e-07,0,[]
000220251128H130949687433kHMw_LitaAgentN-LitaAgentP-MPdT.077c8af5,System,0,[],0,320,0,0,0,168,0,0,0,0,0,0,0,0,160,2.00001522898674e-07,0,[]
000020251128H1309496249196qBU_LitaAgentY-LitaAgentC-M9Cy.0222aa0c,scml.oneshot.sysagents.DefaultOneShotAdapter:scml.oneshot.agents.rand.EqualDistOneShotAgent,0,[],0,460,0,0,0,233,0,320,200,320,149,200,170,0,230,5.00120222568512e-07,0,[]
000020251128H1309496249196qBU_LitaAgentY-LitaAgentC-M9Cy.0222aa0c,scml.oneshot.sysagents.DefaultOneShotAdapter:scml_agents.scml2025.oneshot.mat.mat.MATAgent,0,[],0,178,0,0,0,90,0,120,0,120,51,0,69,0,89,1.200009137392044e-06,0,[]
000020251128H1309496249196qBU_LitaAgentY-LitaAgentC-M9Cy.0222aa0c,scml.oneshot.sysagents.DefaultOneShotAdapter:scml.oneshot.agents.greedy.GreedyOneShotAgent,0,[],0,396,0,0,0,200,0,220,100,220,62,100,158,0,198,5.00120222568512e-07,0,[]
000020251128H1309496249196qBU_LitaAgentY-LitaAgentC-M9Cy.0222aa0c,scml.oneshot.sysagents.DefaultOneShotAdapter:litaagent_std.litaagent_cir.LitaAgentCIR,0,[],0,40,0,0,0,21,0,100,100,100,100,100,0,0,20,2.00001522898674e-07,0,[]
000020251128H1309496249196qBU_LitaAgentY-LitaAgentC-M9Cy.0222aa0c,scml.oneshot.sysagents.DefaultOneShotAdapter:scml.oneshot.agents.rand.RandDistOneShotAgent,0,[],0,490,0,0,0,248,0,320,200,320,135,200,185,0,245,5.00120222568512e-07,0,[]
000020251128H1309496249196qBU_LitaAgentY-LitaAgentC-M9Cy.0222aa0c,scml.oneshot.sysagents.DefaultOneShotAdapter:litaagent_std.litaagent_y.LitaAgentY,0,[],0,124,0,0,0,63,0,120,0,120,77,0,42,0,62,2.00001522898674e-07,0,[]
000020251128H1309496249196qBU_LitaAgentY-LitaAgentC-M9Cy.0222aa0c,System,0,[],0,440,0,0,0,231,0,0,0,0,0,0,0,0,220,6.00004568696022e-07,0,[]
000220251128H130949687433kHMw_LitaAgentY-LitaAgentN-MZiR.07ef3386,scml.oneshot.sysagents.DefaultOneShotAdapter:litaagent_std.litaagent_n.LitaAgentN,0,[],0,160,0,0,0,81,0,80,0,80,20,0,60,2,80,8.00006091594696e-07,0,[]
000220251128H130949687433kHMw_LitaAgentY-LitaAgentN-MZiR.07ef3386,scml.oneshot.sysagents.DefaultOneShotAdapter:scml.oneshot.agents.rand.EqualDistOneShotAgent,0,[],0,122,0,0,0,62,0,80,0,80,39,0,41,1,61,9.988434612751007e-08,0,[]
000220251128H130949687433kHMw_LitaAgentY-LitaAgentN-MZiR.07ef3386,scml.oneshot.sysagents.DefaultOneShotAdapter:scml_agents.scml2025.oneshot.mat.mat.MATAgent,0,[],0,168,0,0,0,85,0,80,0,80,16,0,64,3,84,3.0011869966983795e-07,0,[]
000220251128H130949687433kHMw_LitaAgentY-LitaAgentN-MZiR.07ef3386,scml.oneshot.sysagents.DefaultOneShotAdapter:scml.oneshot.agents.greedy.GreedyOneShotAgent,0,[],0,330,0,0,0,167,0,160,80,160,35,80,125,14,165,4.00003045797348e-07,0,[]
000220251128H130949687433kHMw_LitaAgentY-LitaAgentN-MZiR.07ef3386,scml.oneshot.sysagents.DefaultOneShotAdapter:litaagent_std.litaagent_yr.LitaAgentYR,0,[],0,120,0,0,0,61,0,80,80,80,40,80,40,20,60,2.00001522898674e-07,0,[]
000220251128H130949687433kHMw_LitaAgentY-LitaAgentN-MZiR.07ef3386,scml.oneshot.sysagents.DefaultOneShotAdapter:scml.oneshot.agents.rand.RandDistOneShotAgent,0,[],0,300,0,0,0,152,0,160,160,160,50,160,110,0,150,3.0011869966983795e-07,0,[]
000220251128H130949687433kHMw_LitaAgentY-LitaAgentN-MZiR.07ef3386,System,0,[],0,320,0,0,0,168,0,0,0,0,0,0,0,0,160,4.00003045797348e-07,0,[]
000120251128H130949660922ppJj_LitaAgentY-LitaAgentC-LitaAgentNrpw.0396f548,scml.oneshot.sysagents.DefaultOneShotAdapter:litaagent_std.litaagent_n.LitaAgentN,0,[],0,182,0,0,0,92,0,120,0,120,49,0,71,7,91,8.00006091594696e-07,0,[]
000120251128H130949660922ppJj_LitaAgentY-LitaAgentC-LitaAgentNrpw.0396f548,scml.oneshot.sysagents.DefaultOneShotAdapter:scml.oneshot.agents.rand.EqualDistOneShotAgent,0,[],0,476,0,0,0,241,0,320,200,320,142,200,178,2,238,7.00121745467186e-07,0,[]
000120251128H130949660922ppJj_LitaAgentY-LitaAgentC-LitaAgentNrpw.0396f548,scml.oneshot.sysagents.DefaultOneShotAdapter:scml.oneshot.agents.greedy.GreedyOneShotAgent,0,[],0,336,0,0,0,170,0,220,100,220,92,100,128,15,168,4.998873919248581e-07,0,[]
000120251128H130949660922ppJj_LitaAgentY-LitaAgentC-LitaAgentNrpw.0396f548,scml.oneshot.sysagents.DefaultOneShotAdapter:litaagent_std.litaagent_cir.LitaAgentCIR,0,[],0,40,0,0,0,21,0,100,100,100,100,100,0,0,20,3.0011869966983795e-07,0,[]
000120251128H130949660922ppJj_LitaAgentY-LitaAgentC-LitaAgentNrpw.0396f548,scml.oneshot.sysagents.DefaultOneShotAdapter:litaagent_std.litaagent_yr.LitaAgentYR,0,[],0,124,0,0,0,63,0,100,100,100,58,100,42,26,62,2.00001522898674e-07,0,[]
000120251128H130949660922ppJj_LitaAgentY-LitaAgentC-LitaAgentNrpw.0396f548,scml.oneshot.sysagents.DefaultOneShotAdapter:scml.oneshot.agents.rand.RandDistOneShotAgent,0,[],0,502,0,0,0,254,0,340,100,340,149,100,191,2,251,5.00120222568512e-07,0,[]
000120251128H130949660922ppJj_LitaAgentY-LitaAgentC-LitaAgentNrpw.0396f548,System,0,[],0,440,0,0,0,231,0,0,0,0,0,0,0,0,220,4.998873919248581e-07,0,[]
000120251128H130949660922ppJj_LitaAgentY-LitaAgentC-LitaAgentNpd0.03a1a8dd,scml.oneshot.sysagents.DefaultOneShotAdapter:litaagent_std.litaagent_n.LitaAgentN,0,[],0,194,0,0,0,98,0,120,0,120,43,0,77,0,97,5.00120222568512e-07,0,[]
000120251128H130949660922ppJj_LitaAgentY-LitaAgentC-LitaAgentNpd0.03a1a8dd,scml.oneshot.sysagents.DefaultOneShotAdapter:scml.oneshot.agents.rand.EqualDistOneShotAgent,0,[],0,480,0,0,0,243,0,320,200,320,140,200,180,0,240,4.00003045797348e-07,0,[]
000120251128H130949660922ppJj_LitaAgentY-LitaAgentC-LitaAgentNpd0.03a1a8dd,scml.oneshot.sysagents.DefaultOneShotAdapter:scml.oneshot.agents.greedy.GreedyOneShotAgent,0,[],0,394,0,0,0,199,0,220,100,220,63,100,157,0,197,3.0011869966983795e-07,0,[]
000120251128H130949660922ppJj_LitaAgentY-LitaAgentC-LitaAgentNpd0.03a1a8dd,scml.oneshot.sysagents.DefaultOneShotAdapter:litaagent_std.litaagent_cir.LitaAgentCIR,0,[],0,40,0,0,0,21,0,100,100,100,100,100,0,0,20,9.988434612751007e-08,0,[]
000120251128H130949660922ppJj_LitaAgentY-LitaAgentC-LitaAgentNpd0.03a1a8dd,scml.oneshot.sysagents.DefaultOneShotAdapter:scml.oneshot.agents.rand.RandDistOneShotAgent,0,[],0,478,0,0,0,242,0,340,100,340,161,100,179,0,239,2.996530383825302e-07,0,[]
000120251128H130949660922ppJj_LitaAgentY-LitaAgentC-LitaAgentNpd0.03a1a8dd,scml.oneshot.sysagents.DefaultOneShotAdapter:litaagent_std.litaagent_y.LitaAgentY,0,[],0,130,0,0,0,66,0,100,100,100,55,100,45,0,65,1.0011717677116394e-07,0,[]
000120251128H130949660922ppJj_LitaAgentY-LitaAgentC-LitaAgentNpd0.03a1a8dd,System,0,[],0,440,0,0,0,231,0,0,0,0,0,0,0,0,220,1.9976869225502014e-07,0,[]
000120251128H130949660922ppJj_LitaAgentY-LitaAgentN-LitaAgentPDKx.03f02f35,scml.oneshot.sysagents.DefaultOneShotAdapter:litaagent_std.litaagent_p.LitaAgentP,0,[],0,40,0,0,0,21,0,120,0,120,120,0,0,0,20,5.00120222568512e-07,0,[]
000120251128H130949660922ppJj_LitaAgentY-LitaAgentN-LitaAgentPDKx.03f02f35,scml.oneshot.sysagents.DefaultOneShotAdapter:litaagent_std.litaagent_n.LitaAgentN,0,[],0,40,0,0,0,21,0,100,100,100,100,100,0,0,20,1.0011717677116394e-07,0,[]
000120251128H130949660922ppJj_LitaAgentY-LitaAgentN-LitaAgentPDKx.03f02f35,scml.oneshot.sysagents.DefaultOneShotAdapter:scml.oneshot.agents.rand.EqualDistOneShotAgent,0,[],0,438,0,0,0,222,0,320,200,320,161,200,159,0,219,6.00004568696022e-07,0,[]
000120251128H130949660922ppJj_LitaAgentY-LitaAgentN-LitaAgentPDKx.03f02f35,scml.oneshot.sysagents.DefaultOneShotAdapter:scml.oneshot.agents.greedy.GreedyOneShotAgent,0,[],0,370,0,0,0,187,0,220,100,220,75,100,145,0,185,2.00001522898674e-07,0,[]
000120251128H130949660922ppJj_LitaAgentY-LitaAgentN-LitaAgentPDKx.03f02f35,scml.oneshot.sysagents.DefaultOneShotAdapter:scml.oneshot.agents.rand.RandDistOneShotAgent,0,[],0,434,0,0,0,220,0,340,100,340,183,100,157,0,217,4.002358764410019e-07,0,[]
000120251128H130949660922ppJj_LitaAgentY-LitaAgentN-LitaAgentPDKx.03f02f35,scml.oneshot.sysagents.DefaultOneShotAdapter:litaagent_std.litaagent_y.LitaAgentY,0,[],0,110,0,0,0,56,0,100,100,100,65,100,35,0,55,1.0011717677116394e-07,0,[]
000120251128H130949660922ppJj_LitaAgentY-LitaAgentN-LitaAgentPDKx.03f02f35,System,0,[],0,440,0,0,0,231,0,0,0,0,0,0,0,0,220,1.9976869225502014e-07,0,[]
000120251128H130949660922ppJj_LitaAgentY-LitaAgentN-LitaAgentPDKx.04289c63,scml.oneshot.sysagents.DefaultOneShotAdapter:litaagent_std.litaagent_n.LitaAgentN,0,[],0,200,0,0,0,101,0,120,0,120,40,0,80,0,100,7.00121745467186e-07,0,[]
000120251128H130949660922ppJj_LitaAgentY-LitaAgentN-LitaAgentPDKx.04289c63,scml.oneshot.sysagents.DefaultOneShotAdapter:litaagent_std.litaagent_p.LitaAgentP,0,[],0,40,0,0,0,21,0,100,100,100,100,100,0,0,20,1.0011717677116394e-07,0,[]
000120251128H130949660922ppJj_LitaAgentY-LitaAgentN-LitaAgentPDKx.04289c63,scml.oneshot.sysagents.DefaultOneShotAdapter:scml.oneshot.agents.rand.EqualDistOneShotAgent,0,[],0,480,0,0,0,243,0,320,200,320,140,200,180,0,240,3.003515303134918e-07,0,[]
000120251128H130949660922ppJj_LitaAgentY-LitaAgentN-LitaAgentPDKx.04289c63,scml.oneshot.sysagents.DefaultOneShotAdapter:scml.oneshot.agents.greedy.GreedyOneShotAgent,0,[],0,404,0,0,0,204,0,220,100,220,58,100,162,0,202,2.00001522898674e-07,0,[]
000120251128H130949660922ppJj_LitaAgentY-LitaAgentN-LitaAgentPDKx.04289c63,scml.oneshot.sysagents.DefaultOneShotAdapter:scml.oneshot.agents.rand.RandDistOneShotAgent,0,[],0,490,0,0,0,248,0,340,100,340,155,100,185,0,245,3.0011869966983795e-07,0,[]
000120251128H130949660922ppJj_LitaAgentY-LitaAgentN-LitaAgentPDKx.04289c63,scml.oneshot.sysagents.DefaultOneShotAdapter:litaagent_std.litaagent_y.LitaAgentY,0,[],0,134,0,0,0,68,0,100,100,100,53,100,47,0,67,1.0011717677116394e-07,0,[]
000120251128H130949660922ppJj_LitaAgentY-LitaAgentN-LitaAgentPDKx.04289c63,System,0,[],0,440,0,0,0,231,0,0,0,0,0,0,0,0,220,2.00001522898674e-07,0,[]
000020251128H1309496249196qBU_LitaAgentY-LitaAgentYR-LitaAgentNlkC.000b2287,scml.oneshot.sysagents.DefaultOneShotAdapter:litaagent_std.litaagent_n.LitaAgentN,0,[],0,40,0,0,0,21,0,100,100,100,100,100,0,0,20,1.0011717677116394e-07,0,[]
000020251128H1309496249196qBU_LitaAgentY-LitaAgentYR-LitaAgentNlkC.000b2287,scml.oneshot.sysagents.DefaultOneShotAdapter:scml.oneshot.agents.rand.EqualDistOneShotAgent,0,[],0,464,0,0,0,235,0,320,200,320,148,200,172,0,232,2.996530383825302e-07,0,[]
000020251128H1309496249196qBU_LitaAgentY-LitaAgentYR-LitaAgentNlkC.000b2287,scml.oneshot.sysagents.DefaultOneShotAdapter:scml.oneshot.agents.greedy.GreedyOneShotAgent,0,[],0,404,0,0,0,204,0,220,100,220,58,100,162,0,202,3.0011869966983795e-07,0,[]
000020251128H1309496249196qBU_LitaAgentY-LitaAgentYR-LitaAgentNlkC.000b2287,scml.oneshot.sysagents.DefaultOneShotAdapter:litaagent_std.litaagent_yr.LitaAgentYR,0,[],0,160,0,0,0,81,0,120,0,120,59,0,60,0,80,2.00001522898674e-07,0,[]
000020251128H1309496249196qBU_LitaAgentY-LitaAgentYR-LitaAgentNlkC.000b2287,scml.oneshot.sysagents.DefaultOneShotAdapter:scml.oneshot.agents.rand.RandDistOneShotAgent,0,[],0,516,0,0,0,261,0,320,200,320,120,200,198,0,258,3.9977021515369415e-07,0,[]
000020251128H1309496249196qBU_LitaAgentY-LitaAgentYR-LitaAgentNlkC.000b2287,scml.oneshot.sysagents.DefaultOneShotAdapter:litaagent_std.litaagent_y.LitaAgentY,0,[],0,156,0,0,0,79,0,120,0,120,61,0,58,0,78,8.00006091594696e-07,0,[]
000020251128H1309496249196qBU_LitaAgentY-LitaAgentYR-LitaAgentNlkC.000b2287,System,0,[],0,440,0,0,0,231,0,0,0,0,0,0,0,0,220,3.0011869966983795e-07,0,[]
000020251128H1309496249196qBU_LitaAgentY-LitaAgentN-MfyS.01fbf9dc,scml.oneshot.sysagents.DefaultOneShotAdapter:litaagent_std.litaagent_n.LitaAgentN,0,[],0,202,0,0,0,102,0,120,0,120,39,0,81,6,101,2.00001522898674e-07,0,[]
000020251128H1309496249196qBU_LitaAgentY-LitaAgentN-MfyS.01fbf9dc,scml.oneshot.sysagents.DefaultOneShotAdapter:scml.oneshot.agents.rand.EqualDistOneShotAgent,0,[],0,490,0,0,0,248,0,320,200,320,135,200,185,1,245,4.002358764410019e-07,0,[]
000020251128H1309496249196qBU_LitaAgentY-LitaAgentN-MfyS.01fbf9dc,scml.oneshot.sysagents.DefaultOneShotAdapter:scml_agents.scml2025.oneshot.mat.mat.MATAgent,0,[],0,176,0,0,0,89,0,120,0,120,52,0,68,5,88,8.00006091594696e-07,0,[]
000020251128H1309496249196qBU_LitaAgentY-LitaAgentN-MfyS.01fbf9dc,scml.oneshot.sysagents.DefaultOneShotAdapter:scml.oneshot.agents.greedy.GreedyOneShotAgent,0,[],0,358,0,0,0,181,0,220,100,220,81,100,139,19,179,3.0011869966983795e-07,0,[]
000020251128H1309496249196qBU_LitaAgentY-LitaAgentN-MfyS.01fbf9dc,scml.oneshot.sysagents.DefaultOneShotAdapter:litaagent_std.litaagent_yr.LitaAgentYR,0,[],0,154,0,0,0,78,0,100,100,100,43,100,57,32,77,1.0011717677116394e-07,0,[]
000020251128H1309496249196qBU_LitaAgentY-LitaAgentN-MfyS.01fbf9dc,scml.oneshot.sysagents.DefaultOneShotAdapter:scml.oneshot.agents.rand.RandDistOneShotAgent,0,[],0,536,0,0,0,271,0,320,200,320,112,200,208,1,268,2.998858690261841e-07,0,[]
000020251128H1309496249196qBU_LitaAgentY-LitaAgentN-MfyS.01fbf9dc,System,0,[],0,440,0,0,0,231,0,0,0,0,0,0,0,0,220,2.00001522898674e-07,0,[]
000120251128H130949660922ppJj_LitaAgentY-LitaAgentYR-LitaAgentN9To.059a0916,scml.oneshot.sysagents.DefaultOneShotAdapter:litaagent_std.litaagent_n.LitaAgentN,0,[],0,198,0,0,0,100,0,120,0,120,41,0,79,2,99,1.100124791264534e-06,0,[]
000120251128H130949660922ppJj_LitaAgentY-LitaAgentYR-LitaAgentN9To.059a0916,scml.oneshot.sysagents.DefaultOneShotAdapter:scml.oneshot.agents.rand.EqualDistOneShotAgent,0,[],0,506,0,0,0,256,0,320,200,320,127,200,193,0,253,4.002358764410019e-07,0,[]
000120251128H130949660922ppJj_LitaAgentY-LitaAgentYR-LitaAgentN9To.059a0916,scml.oneshot.sysagents.DefaultOneShotAdapter:scml.oneshot.agents.greedy.GreedyOneShotAgent,0,[],0,366,0,0,0,185,0,220,100,220,77,100,143,18,183,2.00001522898674e-07,0,[]
000120251128H130949660922ppJj_LitaAgentY-LitaAgentYR-LitaAgentN9To.059a0916,scml.oneshot.sysagents.DefaultOneShotAdapter:litaagent_std.litaagent_yr.LitaAgentYR,0,[],0,144,0,0,0,73,0,100,100,100,48,100,52,24,72,9.988434612751007e-08,0,[]
000120251128H130949660922ppJj_LitaAgentY-LitaAgentYR-LitaAgentN9To.059a0916,scml.oneshot.sysagents.DefaultOneShotAdapter:scml.oneshot.agents.rand.RandDistOneShotAgent,0,[],0,532,0,0,0,269,0,340,100,340,134,100,206,4,266,4.002358764410019e-07,0,[]
000120251128H130949660922ppJj_LitaAgentY-LitaAgentYR-LitaAgentN9To.059a0916,scml.oneshot.sysagents.DefaultOneShotAdapter:litaagent_std.litaagent_y.LitaAgentY,0,[],0,150,0,0,0,76,0,100,100,100,45,100,55,0,75,9.988434612751007e-08,0,[]
000120251128H130949660922ppJj_LitaAgentY-LitaAgentYR-LitaAgentN9To.059a0916,System,0,[],0,440,0,0,0,231,0,0,0,0,0,0,0,0,220,2.00001522898674e-07,0,[]
000020251128H1309496249196qBU_LitaAgentY-LitaAgentN-LitaAgentPgqH.0072f32e,scml.oneshot.sysagents.DefaultOneShotAdapter:litaagent_std.litaagent_p.LitaAgentP,0,[],0,40,0,0,0,21,0,120,0,120,120,0,0,0,20,8.998904377222061e-07,0,[]
000020251128H1309496249196qBU_LitaAgentY-LitaAgentN-LitaAgentPgqH.0072f32e,scml.oneshot.sysagents.DefaultOneShotAdapter:litaagent_std.litaagent_n.LitaAgentN,0,[],0,192,0,0,0,97,0,120,0,120,44,0,76,3,96,2.00001522898674e-07,0,[]
000020251128H1309496249196qBU_LitaAgentY-LitaAgentN-LitaAgentPgqH.0072f32e,scml.oneshot.sysagents.DefaultOneShotAdapter:scml.oneshot.agents.rand.EqualDistOneShotAgent,0,[],0,480,0,0,0,243,0,320,200,320,140,200,180,0,240,4.002358764410019e-07,0,[]
000020251128H1309496249196qBU_LitaAgentY-LitaAgentN-LitaAgentPgqH.0072f32e,scml.oneshot.sysagents.DefaultOneShotAdapter:scml.oneshot.agents.greedy.GreedyOneShotAgent,0,[],0,344,0,0,0,174,0,220,100,220,88,100,132,15,172,2.998858690261841e-07,0,[]
000020251128H1309496249196qBU_LitaAgentY-LitaAgentN-LitaAgentPgqH.0072f32e,scml.oneshot.sysagents.DefaultOneShotAdapter:litaagent_std.litaagent_yr.LitaAgentYR,0,[],0,118,0,0,0,60,0,100,100,100,61,100,39,18,59,9.988434612751007e-08,0,[]
000020251128H1309496249196qBU_LitaAgentY-LitaAgentN-LitaAgentPgqH.0072f32e,scml.oneshot.sysagents.DefaultOneShotAdapter:scml.oneshot.agents.rand.RandDistOneShotAgent,0,[],0,494,0,0,0,250,0,320,200,320,133,200,187,0,247,4.00003045797348e-07,0,[]
000020251128H1309496249196qBU_LitaAgentY-LitaAgentN-LitaAgentPgqH.0072f32e,System,0,[],0,440,0,0,0,231,0,0,0,0,0,0,0,0,220,2.00001522898674e-07,0,[]
000220251128H130949687433kHMw_LitaAgentY-LitaAgentC-Mt15.0717995b,scml.oneshot.sysagents.DefaultOneShotAdapter:scml.oneshot.agents.rand.EqualDistOneShotAgent,0,[],0,112,0,0,0,57,0,80,0,80,44,0,36,0,56,2.00001522898674e-07,0,[]
000220251128H130949687433kHMw_LitaAgentY-LitaAgentC-Mt15.0717995b,scml.oneshot.sysagents.DefaultOneShotAdapter:scml_agents.scml2025.oneshot.mat.mat.MATAgent,0,[],0,146,0,0,0,74,0,80,0,80,27,0,53,0,73,2.00001522898674e-07,0,[]
000220251128H130949687433kHMw_LitaAgentY-LitaAgentC-Mt15.0717995b,scml.oneshot.sysagents.DefaultOneShotAdapter:scml.oneshot.agents.greedy.GreedyOneShotAgent,0,[],0,342,0,0,0,173,0,160,80,160,29,80,131,0,171,3.0011869966983795e-07,0,[]
000220251128H130949687433kHMw_LitaAgentY-LitaAgentC-Mt15.0717995b,scml.oneshot.sysagents.DefaultOneShotAdapter:litaagent_std.litaagent_cir.LitaAgentCIR,0,[],0,40,0,0,0,21,0,80,80,80,80,80,0,0,20,9.988434612751007e-08,0,[]
000220251128H130949687433kHMw_LitaAgentY-LitaAgentC-Mt15.0717995b,scml.oneshot.sysagents.DefaultOneShotAdapter:litaagent_std.litaagent_yr.LitaAgentYR,0,[],0,108,0,0,0,55,0,80,0,80,46,0,34,2,54,6.00004568696022e-07,0,[]
000220251128H130949687433kHMw_LitaAgentY-LitaAgentC-Mt15.0717995b,scml.oneshot.sysagents.DefaultOneShotAdapter:scml.oneshot.agents.rand.RandDistOneShotAgent,0,[],0,268,0,0,0,136,0,160,160,160,66,160,94,2,134,2.0023435354232788e-07,0,[]
000220251128H130949687433kHMw_LitaAgentY-LitaAgentC-Mt15.0717995b,System,0,[],0,320,0,0,0,168,0,0,0,0,0,0,0,0,160,4.00003045797348e-07,0,[]
000220251128H130949687433kHMw_LitaAgentY-LitaAgentC-LitaAgentPMfT.076c6113,scml.oneshot.sysagents.DefaultOneShotAdapter:litaagent_std.litaagent_p.LitaAgentP,0,[],0,40,0,0,0,21,0,80,80,80,80,80,0,0,20,2.00001522898674e-07,0,[]
000220251128H130949687433kHMw_LitaAgentY-LitaAgentC-LitaAgentPMfT.076c6113,scml.oneshot.sysagents.DefaultOneShotAdapter:scml.oneshot.agents.rand.EqualDistOneShotAgent,0,[],0,118,0,0,0,60,0,80,0,80,41,0,39,0,59,9.988434612751007e-08,0,[]
000220251128H130949687433kHMw_LitaAgentY-LitaAgentC-LitaAgentPMfT.076c6113,scml.oneshot.sysagents.DefaultOneShotAdapter:scml.oneshot.agents.greedy.GreedyOneShotAgent,0,[],0,348,0,0,0,176,0,160,80,160,26,80,134,0,174,1.9976869225502014e-07,0,[]
000220251128H130949687433kHMw_LitaAgentY-LitaAgentC-LitaAgentPMfT.076c6113,scml.oneshot.sysagents.DefaultOneShotAdapter:litaagent_std.litaagent_cir.LitaAgentCIR,0,[],0,140,0,0,0,71,0,80,0,80,30,0,50,0,70,5.00120222568512e-07,0,[]
000220251128H130949687433kHMw_LitaAgentY-LitaAgentC-LitaAgentPMfT.076c6113,scml.oneshot.sysagents.DefaultOneShotAdapter:litaagent_std.litaagent_yr.LitaAgentYR,0,[],0,110,0,0,0,56,0,80,0,80,45,0,35,1,55,1.0011717677116394e-07,0,[]
000220251128H130949687433kHMw_LitaAgentY-LitaAgentC-LitaAgentPMfT.076c6113,scml.oneshot.sysagents.DefaultOneShotAdapter:scml.oneshot.agents.rand.RandDistOneShotAgent,0,[],0,280,0,0,0,142,0,160,160,160,60,160,100,1,140,3.0011869966983795e-07,0,[]
000220251128H130949687433kHMw_LitaAgentY-LitaAgentC-LitaAgentPMfT.076c6113,System,0,[],0,320,0,0,0,168,0,0,0,0,0,0,0,0,160,2.00001522898674e-07,0,[]
000120251128H130949660922ppJj_LitaAgentY-LitaAgentYR-LitaAgentPBjJ.051428dc,scml.oneshot.sysagents.DefaultOneShotAdapter:litaagent_std.litaagent_p.LitaAgentP,0,[],0,40,0,0,0,21,0,100,100,100,100,100,0,0,20,2.00001522898674e-07,0,[]
000120251128H130949660922ppJj_LitaAgentY-LitaAgentYR-LitaAgentPBjJ.051428dc,scml.oneshot.sysagents.DefaultOneShotAdapter:scml.oneshot.agents.rand.EqualDistOneShotAgent,0,[],0,460,0,0,0,233,0,320,200,320,149,200,170,0,230,7.00121745467186e-07,0,[]
000120251128H130949660922ppJj_LitaAgentY-LitaAgentYR-LitaAgentPBjJ.051428dc,scml.oneshot.sysagents.DefaultOneShotAdapter:scml.oneshot.agents.greedy.GreedyOneShotAgent,0,[],0,362,0,0,0,183,0,220,100,220,79,100,141,15,181,4.00003045797348e-07,0,[]
000120251128H130949660922ppJj_LitaAgentY-LitaAgentYR-LitaAgentPBjJ.051428dc,scml.oneshot.sysagents.DefaultOneShotAdapter:litaagent_std.litaagent_yr.LitaAgentYR,0,[],0,128,0,0,0,65,0,100,100,100,56,100,44,31,64,2.00001522898674e-07,0,[]
000120251128H130949660922ppJj_LitaAgentY-LitaAgentYR-LitaAgentPBjJ.051428dc,scml.oneshot.sysagents.DefaultOneShotAdapter:scml.oneshot.agents.rand.RandDistOneShotAgent,0,[],0,474,0,0,0,240,0,340,100,340,163,100,177,2,237,8.00006091594696e-07,0,[]
000120251128H130949660922ppJj_LitaAgentY-LitaAgentYR-LitaAgentPBjJ.051428dc,scml.oneshot.sysagents.DefaultOneShotAdapter:litaagent_std.litaagent_y.LitaAgentY,0,[],0,120,0,0,0,61,0,120,0,120,79,0,40,14,60,8.00006091594696e-07,0,[]
000120251128H130949660922ppJj_LitaAgentY-LitaAgentYR-LitaAgentPBjJ.051428dc,System,0,[],0,440,0,0,0,231,0,0,0,0,0,0,0,0,220,4.998873919248581e-07,0,[]
000020251128H1309496249196qBU_LitaAgentY-LitaAgentP-MYxc.02bb585f,scml.oneshot.sysagents.DefaultOneShotAdapter:litaagent_std.litaagent_p.LitaAgentP,0,[],0,40,0,0,0,21,0,100,100,100,100,100,0,0,20,2.00001522898674e-07,0,[]
000020251128H1309496249196qBU_LitaAgentY-LitaAgentP-MYxc.02bb585f,scml.oneshot.sysagents.DefaultOneShotAdapter:scml.oneshot.agents.rand.EqualDistOneShotAgent,0,[],0,456,0,0,0,231,0,320,200,320,152,200,168,0,228,5.997717380523682e-07,0,[]
000020251128H1309496249196qBU_LitaAgentY-LitaAgentP-MYxc.02bb585f,scml.oneshot.sysagents.DefaultOneShotAdapter:scml_agents.scml2025.oneshot.mat.mat.MATAgent,0,[],0,168,0,0,0,85,0,120,0,120,56,0,64,0,84,2.00001522898674e-07,0,[]
000020251128H1309496249196qBU_LitaAgentY-LitaAgentP-MYxc.02bb585f,scml.oneshot.sysagents.DefaultOneShotAdapter:scml.oneshot.agents.greedy.GreedyOneShotAgent,0,[],0,404,0,0,0,204,0,220,100,220,58,100,162,0,202,2.00001522898674e-07,0,[]
000020251128H1309496249196qBU_LitaAgentY-LitaAgentP-MYxc.02bb585f,scml.oneshot.sysagents.DefaultOneShotAdapter:scml.oneshot.agents.rand.RandDistOneShotAgent,0,[],0,464,0,0,0,235,0,320,200,320,148,200,172,0,232,3.9977021515369415e-07,0,[]
000020251128H1309496249196qBU_LitaAgentY-LitaAgentP-MYxc.02bb585f,scml.oneshot.sysagents.DefaultOneShotAdapter:litaagent_std.litaagent_y.LitaAgentY,0,[],0,124,0,0,0,63,0,120,0,120,78,0,42,0,62,8.998904377222061e-07,0,[]
000020251128H1309496249196qBU_LitaAgentY-LitaAgentP-MYxc.02bb585f,System,0,[],0,440,0,0,0,231,0,0,0,0,0,0,0,0,220,2.00001522898674e-07,0,[]
000020251128H1309496249196qBU_LitaAgentY-LitaAgentN-LitaAgentP7iC.015d2ba2,scml.oneshot.sysagents.DefaultOneShotAdapter:litaagent_std.litaagent_p.LitaAgentP,0,[],0,40,0,0,0,21,0,120,0,120,120,0,0,0,20,7.00121745467186e-07,0,[]
000020251128H1309496249196qBU_LitaAgentY-LitaAgentN-LitaAgentP7iC.015d2ba2,scml.oneshot.sysagents.DefaultOneShotAdapter:litaagent_std.litaagent_n.LitaAgentN,0,[],0,40,0,0,0,21,0,100,100,100,100,100,0,0,20,9.988434612751007e-08,0,[]
000020251128H1309496249196qBU_LitaAgentY-LitaAgentN-LitaAgentP7iC.015d2ba2,scml.oneshot.sysagents.DefaultOneShotAdapter:scml.oneshot.agents.rand.EqualDistOneShotAgent,0,[],0,436,0,0,0,221,0,320,200,320,162,200,158,0,218,4.00003045797348e-07,0,[]
000020251128H1309496249196qBU_LitaAgentY-LitaAgentN-LitaAgentP7iC.015d2ba2,scml.oneshot.sysagents.DefaultOneShotAdapter:scml.oneshot.agents.greedy.GreedyOneShotAgent,0,[],0,400,0,0,0,202,0,220,100,220,60,100,160,0,200,2.00001522898674e-07,0,[]
000020251128H1309496249196qBU_LitaAgentY-LitaAgentN-LitaAgentP7iC.015d2ba2,scml.oneshot.sysagents.DefaultOneShotAdapter:scml.oneshot.agents.rand.RandDistOneShotAgent,0,[],0,480,0,0,0,243,0,320,200,320,140,200,180,0,240,2.998858690261841e-07,0,[]
000020251128H1309496249196qBU_LitaAgentY-LitaAgentN-LitaAgentP7iC.015d2ba2,scml.oneshot.sysagents.DefaultOneShotAdapter:litaagent_std.litaagent_y.LitaAgentY,0,[],0,136,0,0,0,69,0,120,0,120,72,0,48,0,68,1.0011717677116394e-07,0,[]
000020251128H1309496249196qBU_LitaAgentY-LitaAgentN-LitaAgentP7iC.015d2ba2,System,0,[],0,440,0,0,0,231,0,0,0,0,0,0,0,0,220,4.00003045797348e-07,0,[]
000020251128H1309496249196qBU_LitaAgentY-LitaAgentC-MTHq.00a761df,scml.oneshot.sysagents.DefaultOneShotAdapter:scml.oneshot.agents.rand.EqualDistOneShotAgent,0,[],0,512,0,0,0,259,0,320,200,320,124,200,196,0,256,4.00003045797348e-07,0,[]
000020251128H1309496249196qBU_LitaAgentY-LitaAgentC-MTHq.00a761df,scml.oneshot.sysagents.DefaultOneShotAdapter:scml_agents.scml2025.oneshot.mat.mat.MATAgent,0,[],0,138,0,0,0,70,0,100,100,100,51,100,49,0,69,9.988434612751007e-08,0,[]
000020251128H1309496249196qBU_LitaAgentY-LitaAgentC-MTHq.00a761df,scml.oneshot.sysagents.DefaultOneShotAdapter:scml.oneshot.agents.greedy.GreedyOneShotAgent,0,[],0,378,0,0,0,191,0,220,100,220,71,100,149,0,189,3.0011869966983795e-07,0,[]
000020251128H1309496249196qBU_LitaAgentY-LitaAgentC-MTHq.00a761df,scml.oneshot.sysagents.DefaultOneShotAdapter:litaagent_std.litaagent_cir.LitaAgentCIR,0,[],0,192,0,0,0,97,0,120,0,120,44,0,76,0,96,6.00004568696022e-07,0,[]
000020251128H1309496249196qBU_LitaAgentY-LitaAgentC-MTHq.00a761df,scml.oneshot.sysagents.DefaultOneShotAdapter:litaagent_std.litaagent_yr.LitaAgentYR,0,[],0,162,0,0,0,82,0,120,0,120,59,0,61,0,81,2.00001522898674e-07,0,[]
000020251128H1309496249196qBU_LitaAgentY-LitaAgentC-MTHq.00a761df,scml.oneshot.sysagents.DefaultOneShotAdapter:scml.oneshot.agents.rand.RandDistOneShotAgent,0,[],0,558,0,0,0,282,0,320,200,320,101,200,219,0,279,4.002358764410019e-07,0,[]
000020251128H1309496249196qBU_LitaAgentY-LitaAgentC-MTHq.00a761df,System,0,[],0,440,0,0,0,231,0,0,0,0,0,0,0,0,220,2.0023435354232788e-07,0,[]
000120251128H130949660922ppJj_LitaAgentY-LitaAgentYR-MrrF.0394e0d1,scml.oneshot.sysagents.DefaultOneShotAdapter:scml.oneshot.agents.rand.EqualDistOneShotAgent,0,[],0,484,0,0,0,245,0,320,200,320,138,200,182,1,242,8.00006091594696e-07,0,[]
000120251128H130949660922ppJj_LitaAgentY-LitaAgentYR-MrrF.0394e0d1,scml.oneshot.sysagents.DefaultOneShotAdapter:scml_agents.scml2025.oneshot.mat.mat.MATAgent,0,[],0,178,0,0,0,90,0,120,0,120,51,0,69,10,89,1.00000761449337e-06,0,[]
000120251128H130949660922ppJj_LitaAgentY-LitaAgentYR-MrrF.0394e0d1,scml.oneshot.sysagents.DefaultOneShotAdapter:scml.oneshot.agents.greedy.GreedyOneShotAgent,0,[],0,360,0,0,0,182,0,220,100,220,80,100,140,18,180,5.00120222568512e-07,0,[]
000120251128H130949660922ppJj_LitaAgentY-LitaAgentYR-MrrF.0394e0d1,scml.oneshot.sysagents.DefaultOneShotAdapter:litaagent_std.litaagent_yr.LitaAgentYR,0,[],0,152,0,0,0,77,0,100,100,100,44,100,56,31,76,2.00001522898674e-07,0,[]
000120251128H130949660922ppJj_LitaAgentY-LitaAgentYR-MrrF.0394e0d1,scml.oneshot.sysagents.DefaultOneShotAdapter:scml.oneshot.agents.rand.RandDistOneShotAgent,0,[],0,498,0,0,0,252,0,340,100,340,151,100,189,2,249,7.997732609510422e-07,0,[]
000120251128H130949660922ppJj_LitaAgentY-LitaAgentYR-MrrF.0394e0d1,scml.oneshot.sysagents.DefaultOneShotAdapter:litaagent_std.litaagent_y.LitaAgentY,0,[],0,152,0,0,0,77,0,100,100,100,44,100,56,0,76,2.00001522898674e-07,0,[]
000120251128H130949660922ppJj_LitaAgentY-LitaAgentYR-MrrF.0394e0d1,System,0,[],0,440,0,0,0,231,0,0,0,0,0,0,0,0,220,5.00120222568512e-07,0,[]
000120251128H130949660922ppJj_LitaAgentC-LitaAgentN-MPco.054b2241,scml.oneshot.sysagents.DefaultOneShotAdapter:litaagent_std.litaagent_n.LitaAgentN,0,[],0,40,0,0,0,21,0,100,100,100,100,100,0,0,20,2.00001522898674e-07,0,[]
000120251128H130949660922ppJj_LitaAgentC-LitaAgentN-MPco.054b2241,scml.oneshot.sysagents.DefaultOneShotAdapter:scml.oneshot.agents.rand.EqualDistOneShotAgent,0,[],0,482,0,0,0,244,0,320,200,320,139,200,181,0,241,6.00004568696022e-07,0,[]
000120251128H130949660922ppJj_LitaAgentC-LitaAgentN-MPco.054b2241,scml.oneshot.sysagents.DefaultOneShotAdapter:scml_agents.scml2025.oneshot.mat.mat.MATAgent,0,[],0,142,0,0,0,72,0,100,100,100,49,100,51,0,71,3.0011869966983795e-07,0,[]
000120251128H130949660922ppJj_LitaAgentC-LitaAgentN-MPco.054b2241,scml.oneshot.sysagents.DefaultOneShotAdapter:scml.oneshot.agents.greedy.GreedyOneShotAgent,0,[],0,402,0,0,0,203,0,220,100,220,59,100,161,0,201,4.00003045797348e-07,0,[]
000120251128H130949660922ppJj_LitaAgentC-LitaAgentN-MPco.054b2241,scml.oneshot.sysagents.DefaultOneShotAdapter:litaagent_std.litaagent_cir.LitaAgentCIR,0,[],0,158,0,0,0,80,0,120,0,120,61,0,59,0,79,8.00006091594696e-07,0,[]
000120251128H130949660922ppJj_LitaAgentC-LitaAgentN-MPco.054b2241,scml.oneshot.sysagents.DefaultOneShotAdapter:scml.oneshot.agents.rand.RandDistOneShotAgent,0,[],0,504,0,0,0,255,0,340,100,340,148,100,192,0,252,6.998889148235321e-07,0,[]
000120251128H130949660922ppJj_LitaAgentC-LitaAgentN-MPco.054b2241,System,0,[],0,440,0,0,0,231,0,0,0,0,0,0,0,0,220,5.00120222568512e-07,0,[]
000120251128H130949660922ppJj_LitaAgentC-LitaAgentN-LitaAgentP3OG.0534eafb,scml.oneshot.sysagents.DefaultOneShotAdapter:litaagent_std.litaagent_n.LitaAgentN,0,[],0,182,0,0,0,92,0,120,0,120,49,0,71,0,91,6.00004568696022e-07,0,[]
000120251128H130949660922ppJj_LitaAgentC-LitaAgentN-LitaAgentP3OG.0534eafb,scml.oneshot.sysagents.DefaultOneShotAdapter:litaagent_std.litaagent_p.LitaAgentP,0,[],0,40,0,0,0,21,0,100,100,100,100,100,0,0,20,9.988434612751007e-08,0,[]
000120251128H130949660922ppJj_LitaAgentC-LitaAgentN-LitaAgentP3OG.0534eafb,scml.oneshot.sysagents.DefaultOneShotAdapter:scml.oneshot.agents.rand.EqualDistOneShotAgent,0,[],0,414,0,0,0,210,0,320,200,320,173,200,147,0,207,2.996530383825302e-07,0,[]
000120251128H130949660922ppJj_LitaAgentC-LitaAgentN-LitaAgentP3OG.0534eafb,scml.oneshot.sysagents.DefaultOneShotAdapter:scml.oneshot.agents.greedy.GreedyOneShotAgent,0,[],0,388,0,0,0,196,0,220,100,220,66,100,154,0,194,1.9976869225502014e-07,0,[]
000120251128H130949660922ppJj_LitaAgentC-LitaAgentN-LitaAgentP3OG.0534eafb,scml.oneshot.sysagents.DefaultOneShotAdapter:litaagent_std.litaagent_cir.LitaAgentCIR,0,[],0,40,0,0,0,21,0,100,100,100,100,100,0,0,20,1.0011717677116394e-07,0,[]
000120251128H130949660922ppJj_LitaAgentC-LitaAgentN-LitaAgentP3OG.0534eafb,scml.oneshot.sysagents.DefaultOneShotAdapter:scml.oneshot.agents.rand.RandDistOneShotAgent,0,[],0,452,0,0,0,229,0,340,100,340,174,100,166,0,226,5.00120222568512e-07,0,[]
000120251128H130949660922ppJj_LitaAgentC-LitaAgentN-LitaAgentP3OG.0534eafb,System,0,[],0,440,0,0,0,231,0,0,0,0,0,0,0,0,220,1.9976869225502014e-07,0,[]
000120251128H130949660922ppJj_LitaAgentY-LitaAgentYR-MrrF.05fffa6c,scml.oneshot.sysagents.DefaultOneShotAdapter:scml_agents.scml2025.oneshot.mat.mat.MATAgent,0,[],0,154,0,0,0,78,0,100,100,100,43,100,57,0,77,2.00001522898674e-07,0,[]
000120251128H130949660922ppJj_LitaAgentY-LitaAgentYR-MrrF.05fffa6c,scml.oneshot.sysagents.DefaultOneShotAdapter:scml.oneshot.agents.rand.EqualDistOneShotAgent,0,[],0,504,0,0,0,255,0,320,200,320,128,200,192,0,252,7.00121745467186e-07,0,[]
000120251128H130949660922ppJj_LitaAgentY-LitaAgentYR-MrrF.05fffa6c,scml.oneshot.sysagents.DefaultOneShotAdapter:scml.oneshot.agents.greedy.GreedyOneShotAgent,0,[],0,356,0,0,0,180,0,220,100,220,82,100,138,13,178,5.00120222568512e-07,0,[]
000120251128H130949660922ppJj_LitaAgentY-LitaAgentYR-MrrF.05fffa6c,scml.oneshot.sysagents.DefaultOneShotAdapter:litaagent_std.litaagent_yr.LitaAgentYR,0,[],0,134,0,0,0,68,0,100,100,100,53,100,47,26,67,3.0011869966983795e-07,0,[]
000120251128H130949660922ppJj_LitaAgentY-LitaAgentYR-MrrF.05fffa6c,scml.oneshot.sysagents.DefaultOneShotAdapter:scml.oneshot.agents.rand.RandDistOneShotAgent,0,[],0,548,0,0,0,277,0,340,100,340,126,100,214,0,274,7.00121745467186e-07,0,[]
000120251128H130949660922ppJj_LitaAgentY-LitaAgentYR-MrrF.05fffa6c,scml.oneshot.sysagents.DefaultOneShotAdapter:litaagent_std.litaagent_y.LitaAgentY,0,[],0,128,0,0,0,65,0,120,0,120,76,0,44,13,64,8.00006091594696e-07,0,[]
000120251128H130949660922ppJj_LitaAgentY-LitaAgentYR-MrrF.05fffa6c,System,0,[],0,440,0,0,0,231,0,0,0,0,0,0,0,0,220,5.00120222568512e-07,0,[]
000220251128H130949687433kHMw_LitaAgentY-LitaAgentN-MMly.07e4ca39,scml.oneshot.sysagents.DefaultOneShotAdapter:litaagent_std.litaagent_n.LitaAgentN,0,[],0,166,0,0,0,84,0,80,0,80,17,0,63,0,83,1.100124791264534e-06,0,[]
000220251128H130949687433kHMw_LitaAgentY-LitaAgentN-MMly.07e4ca39,scml.oneshot.sysagents.DefaultOneShotAdapter:scml_agents.scml2025.oneshot.mat.mat.MATAgent,0,[],0,126,0,0,0,64,0,80,80,80,37,80,43,0,63,2.00001522898674e-07,0,[]
000220251128H130949687433kHMw_LitaAgentY-LitaAgentN-MMly.07e4ca39,scml.oneshot.sysagents.DefaultOneShotAdapter:scml.oneshot.agents.rand.EqualDistOneShotAgent,0,[],0,130,0,0,0,66,0,80,0,80,35,0,45,0,65,2.00001522898674e-07,0,[]
000220251128H130949687433kHMw_LitaAgentY-LitaAgentN-MMly.07e4ca39,scml.oneshot.sysagents.DefaultOneShotAdapter:scml.oneshot.agents.greedy.GreedyOneShotAgent,0,[],0,342,0,0,0,173,0,160,80,160,29,80,131,0,171,4.00003045797348e-07,0,[]
000220251128H130949687433kHMw_LitaAgentY-LitaAgentN-MMly.07e4ca39,scml.oneshot.sysagents.DefaultOneShotAdapter:scml.oneshot.agents.rand.RandDistOneShotAgent,0,[],0,268,0,0,0,136,0,160,160,160,66,160,94,1,134,2.998858690261841e-07,0,[]
000220251128H130949687433kHMw_LitaAgentY-LitaAgentN-MMly.07e4ca39,scml.oneshot.sysagents.DefaultOneShotAdapter:litaagent_std.litaagent_y.LitaAgentY,0,[],0,120,0,0,0,61,0,80,0,80,40,0,40,1,60,2.00001522898674e-07,0,[]
000220251128H130949687433kHMw_LitaAgentY-LitaAgentN-MMly.07e4ca39,System,0,[],0,320,0,0,0,168,0,0,0,0,0,0,0,0,160,5.00120222568512e-07,0,[]
000220251128H130949687433kHMw_LitaAgentY-LitaAgentN-LitaAgentP3v0.061cb12b,scml.oneshot.sysagents.DefaultOneShotAdapter:litaagent_std.litaagent_p.LitaAgentP,0,[],0,40,0,0,0,21,0,80,0,80,80,0,0,0,20,2.00001522898674e-07,0,[]
000220251128H130949687433kHMw_LitaAgentY-LitaAgentN-LitaAgentP3v0.061cb12b,scml.oneshot.sysagents.DefaultOneShotAdapter:litaagent_std.litaagent_n.LitaAgentN,0,[],0,40,0,0,0,21,0,80,80,80,80,80,0,0,20,1.0011717677116394e-07,0,[]
000220251128H130949687433kHMw_LitaAgentY-LitaAgentN-LitaAgentP3v0.061cb12b,scml.oneshot.sysagents.DefaultOneShotAdapter:scml.oneshot.agents.rand.EqualDistOneShotAgent,0,[],0,114,0,0,0,58,0,80,0,80,43,0,37,0,57,2.00001522898674e-07,0,[]
000220251128H130949687433kHMw_LitaAgentY-LitaAgentN-LitaAgentP3v0.061cb12b,scml.oneshot.sysagents.DefaultOneShotAdapter:scml.oneshot.agents.greedy.GreedyOneShotAgent,0,[],0,320,0,0,0,162,0,160,80,160,40,80,120,0,160,4.00003045797348e-07,0,[]
000220251128H130949687433kHMw_LitaAgentY-LitaAgentN-LitaAgentP3v0.061cb12b,scml.oneshot.sysagents.DefaultOneShotAdapter:scml.oneshot.agents.rand.RandDistOneShotAgent,0,[],0,220,0,0,0,112,0,160,160,160,90,160,70,0,110,2.00001522898674e-07,0,[]
000220251128H130949687433kHMw_LitaAgentY-LitaAgentN-LitaAgentP3v0.061cb12b,scml.oneshot.sysagents.DefaultOneShotAdapter:litaagent_std.litaagent_y.LitaAgentY,0,[],0,106,0,0,0,54,0,80,0,80,47,0,33,0,53,6.00004568696022e-07,0,[]
000220251128H130949687433kHMw_LitaAgentY-LitaAgentN-LitaAgentP3v0.061cb12b,System,0,[],0,320,0,0,0,168,0,0,0,0,0,0,0,0,160,2.00001522898674e-07,0,[]
000220251128H130949687433kHMw_LitaAgentY-LitaAgentYR-MQt9.08919209,scml.oneshot.sysagents.DefaultOneShotAdapter:scml.oneshot.agents.rand.EqualDistOneShotAgent,0,[],0,126,0,0,0,64,0,80,0,80,37,0,43,2,63,9.988434612751007e-08,0,[]
000220251128H130949687433kHMw_LitaAgentY-LitaAgentYR-MQt9.08919209,scml.oneshot.sysagents.DefaultOneShotAdapter:scml_agents.scml2025.oneshot.mat.mat.MATAgent,0,[],0,152,0,0,0,77,0,80,0,80,24,0,56,3,76,9.988434612751007e-08,0,[]
000220251128H130949687433kHMw_LitaAgentY-LitaAgentYR-MQt9.08919209,scml.oneshot.sysagents.DefaultOneShotAdapter:scml.oneshot.agents.greedy.GreedyOneShotAgent,0,[],0,324,0,0,0,164,0,160,80,160,38,80,122,11,162,2.0023435354232788e-07,0,[]
000220251128H130949687433kHMw_LitaAgentY-LitaAgentYR-MQt9.08919209,scml.oneshot.sysagents.DefaultOneShotAdapter:litaagent_std.litaagent_yr.LitaAgentYR,0,[],0,76,0,0,0,39,0,80,80,80,62,80,18,26,38,1.0011717677116394e-07,0,[]
000220251128H130949687433kHMw_LitaAgentY-LitaAgentYR-MQt9.08919209,scml.oneshot.sysagents.DefaultOneShotAdapter:scml.oneshot.agents.rand.RandDistOneShotAgent,0,[],0,274,0,0,0,139,0,160,160,160,61,160,97,0,137,4.00003045797348e-07,0,[]
000220251128H130949687433kHMw_LitaAgentY-LitaAgentYR-MQt9.08919209,scml.oneshot.sysagents.DefaultOneShotAdapter:litaagent_std.litaagent_y.LitaAgentY,0,[],0,104,0,0,0,53,0,80,0,80,46,0,32,10,52,4.998873919248581e-07,0,[]
000220251128H130949687433kHMw_LitaAgentY-LitaAgentYR-MQt9.08919209,System,0,[],0,320,0,0,0,168,0,0,0,0,0,0,0,0,160,2.998858690261841e-07,0,[]
000120251128H130949660922ppJj_LitaAgentY-LitaAgentC-M3Zt.05661282,scml.oneshot.sysagents.DefaultOneShotAdapter:scml_agents.scml2025.oneshot.mat.mat.MATAgent,0,[],0,154,0,0,0,78,0,100,100,100,43,100,57,0,77,2.00001522898674e-07,0,[]
000120251128H130949660922ppJj_LitaAgentY-LitaAgentC-M3Zt.05661282,scml.oneshot.sysagents.DefaultOneShotAdapter:scml.oneshot.agents.rand.EqualDistOneShotAgent,0,[],0,470,0,0,0,238,0,320,200,320,145,200,175,0,235,6.998889148235321e-07,0,[]
000120251128H130949660922ppJj_LitaAgentY-LitaAgentC-M3Zt.05661282,scml.oneshot.sysagents.DefaultOneShotAdapter:scml.oneshot.agents.greedy.GreedyOneShotAgent,0,[],0,378,0,0,0,191,0,220,100,220,71,100,149,0,189,5.00120222568512e-07,0,[]
000120251128H130949660922ppJj_LitaAgentY-LitaAgentC-M3Zt.05661282,scml.oneshot.sysagents.DefaultOneShotAdapter:litaagent_std.litaagent_cir.LitaAgentCIR,0,[],0,40,0,0,0,21,0,100,100,100,100,100,0,0,20,2.00001522898674e-07,0,[]
000120251128H130949660922ppJj_LitaAgentY-LitaAgentC-M3Zt.05661282,scml.oneshot.sysagents.DefaultOneShotAdapter:scml.oneshot.agents.rand.RandDistOneShotAgent,0,[],0,504,0,0,0,255,0,340,100,340,148,100,192,0,252,7.00121745467186e-07,0,[]
000120251128H130949660922ppJj_LitaAgentY-LitaAgentC-M3Zt.05661282,scml.oneshot.sysagents.DefaultOneShotAdapter:litaagent_std.litaagent_y.LitaAgentY,0,[],0,138,0,0,0,70,0,120,0,120,71,0,49,0,69,8.998904377222061e-07,0,[]
000120251128H130949660922ppJj_LitaAgentY-LitaAgentC-M3Zt.05661282,System,0,[],0,440,0,0,0,231,0,0,0,0,0,0,0,0,220,4.00003045797348e-07,0,[]
000020251128H1309496249196qBU_LitaAgentC-LitaAgentN-LitaAgentPJRL.00b64a91,scml.oneshot.sysagents.DefaultOneShotAdapter:litaagent_std.litaagent_p.LitaAgentP,0,[],0,40,0,0,0,21,0,120,0,120,120,0,0,0,20,2.00001522898674e-07,0,[]
000020251128H1309496249196qBU_LitaAgentC-LitaAgentN-LitaAgentPJRL.00b64a91,scml.oneshot.sysagents.DefaultOneShotAdapter:litaagent_std.litaagent_n.LitaAgentN,0,[],0,40,0,0,0,21,0,100,100,100,100,100,0,0,20,9.988434612751007e-08,0,[]
000020251128H1309496249196qBU_LitaAgentC-LitaAgentN-LitaAgentPJRL.00b64a91,scml.oneshot.sysagents.DefaultOneShotAdapter:scml.oneshot.agents.rand.EqualDistOneShotAgent,0,[],0,444,0,0,0,225,0,320,200,320,158,200,162,0,222,3.9977021515369415e-07,0,[]
000020251128H1309496249196qBU_LitaAgentC-LitaAgentN-LitaAgentPJRL.00b64a91,scml.oneshot.sysagents.DefaultOneShotAdapter:scml.oneshot.agents.greedy.GreedyOneShotAgent,0,[],0,386,0,0,0,195,0,220,100,220,67,100,153,0,193,2.998858690261841e-07,0,[]
000020251128H1309496249196qBU_LitaAgentC-LitaAgentN-LitaAgentPJRL.00b64a91,scml.oneshot.sysagents.DefaultOneShotAdapter:litaagent_std.litaagent_cir.LitaAgentCIR,0,[],0,166,0,0,0,84,0,120,0,120,57,0,63,0,83,6.00004568696022e-07,0,[]
000020251128H1309496249196qBU_LitaAgentC-LitaAgentN-LitaAgentPJRL.00b64a91,scml.oneshot.sysagents.DefaultOneShotAdapter:scml.oneshot.agents.rand.RandDistOneShotAgent,0,[],0,472,0,0,0,239,0,320,200,320,144,200,176,0,236,4.002358764410019e-07,0,[]
000020251128H1309496249196qBU_LitaAgentC-LitaAgentN-LitaAgentPJRL.00b64a91,System,0,[],0,440,0,0,0,231,0,0,0,0,0,0,0,0,220,3.0011869966983795e-07,0,[]
000020251128H1309496249196qBU_LitaAgentY-LitaAgentC-LitaAgentP4Yj.0238b56b,scml.oneshot.sysagents.DefaultOneShotAdapter:litaagent_std.litaagent_p.LitaAgentP,0,[],0,40,0,0,0,21,0,120,0,120,120,0,0,0,20,3.0011869966983795e-07,0,[]
000020251128H1309496249196qBU_LitaAgentY-LitaAgentC-LitaAgentP4Yj.0238b56b,scml.oneshot.sysagents.DefaultOneShotAdapter:scml.oneshot.agents.rand.EqualDistOneShotAgent,0,[],0,402,0,0,0,204,0,320,200,320,179,200,141,0,201,7.00121745467186e-07,0,[]
000020251128H1309496249196qBU_LitaAgentY-LitaAgentC-LitaAgentP4Yj.0238b56b,scml.oneshot.sysagents.DefaultOneShotAdapter:scml.oneshot.agents.greedy.GreedyOneShotAgent,0,[],0,400,0,0,0,202,0,220,100,220,60,100,160,0,200,6.00004568696022e-07,0,[]
000020251128H1309496249196qBU_LitaAgentY-LitaAgentC-LitaAgentP4Yj.0238b56b,scml.oneshot.sysagents.DefaultOneShotAdapter:litaagent_std.litaagent_cir.LitaAgentCIR,0,[],0,40,0,0,0,21,0,100,100,100,100,100,0,0,20,2.00001522898674e-07,0,[]
000020251128H1309496249196qBU_LitaAgentY-LitaAgentC-LitaAgentP4Yj.0238b56b,scml.oneshot.sysagents.DefaultOneShotAdapter:litaagent_std.litaagent_yr.LitaAgentYR,0,[],0,102,0,0,0,52,0,120,0,120,88,0,31,0,51,8.00006091594696e-07,0,[]
000020251128H1309496249196qBU_LitaAgentY-LitaAgentC-LitaAgentP4Yj.0238b56b,scml.oneshot.sysagents.DefaultOneShotAdapter:scml.oneshot.agents.rand.RandDistOneShotAgent,0,[],0,444,0,0,0,225,0,320,200,320,157,200,162,0,222,6.00004568696022e-07,0,[]
000020251128H1309496249196qBU_LitaAgentY-LitaAgentC-LitaAgentP4Yj.0238b56b,System,0,[],0,440,0,0,0,231,0,0,0,0,0,0,0,0,220,5.00120222568512e-07,0,[]
000220251128H130949687433kHMw_LitaAgentY-LitaAgentC-MjJ1.08005f44,scml.oneshot.sysagents.DefaultOneShotAdapter:scml.oneshot.agents.rand.EqualDistOneShotAgent,0,[],0,120,0,0,0,61,0,80,0,80,40,0,40,0,60,3.0011869966983795e-07,0,[]
000220251128H130949687433kHMw_LitaAgentY-LitaAgentC-MjJ1.08005f44,scml.oneshot.sysagents.DefaultOneShotAdapter:scml_agents.scml2025.oneshot.mat.mat.MATAgent,0,[],0,144,0,0,0,73,0,80,0,80,28,0,52,0,72,4.00003045797348e-07,0,[]
000220251128H130949687433kHMw_LitaAgentY-LitaAgentC-MjJ1.08005f44,scml.oneshot.sysagents.DefaultOneShotAdapter:scml.oneshot.agents.greedy.GreedyOneShotAgent,0,[],0,338,0,0,0,171,0,160,80,160,31,80,129,0,169,5.997717380523682e-07,0,[]
000220251128H130949687433kHMw_LitaAgentY-LitaAgentC-MjJ1.08005f44,scml.oneshot.sysagents.DefaultOneShotAdapter:litaagent_std.litaagent_cir.LitaAgentCIR,0,[],0,40,0,0,0,21,0,80,80,80,80,80,0,0,20,2.998858690261841e-07,0,[]
000220251128H130949687433kHMw_LitaAgentY-LitaAgentC-MjJ1.08005f44,scml.oneshot.sysagents.DefaultOneShotAdapter:scml.oneshot.agents.rand.RandDistOneShotAgent,0,[],0,276,0,0,0,140,0,160,160,160,62,160,98,0,138,5.00120222568512e-07,0,[]
000220251128H130949687433kHMw_LitaAgentY-LitaAgentC-MjJ1.08005f44,scml.oneshot.sysagents.DefaultOneShotAdapter:litaagent_std.litaagent_y.LitaAgentY,0,[],0,102,0,0,0,52,0,80,0,80,49,0,31,0,51,1.100124791264534e-06,0,[]
000220251128H130949687433kHMw_LitaAgentY-LitaAgentC-MjJ1.08005f44,System,0,[],0,320,0,0,0,168,0,0,0,0,0,0,0,0,160,5.997717380523682e-07,0,[]
000020251128H1309496249196qBU_LitaAgentY-LitaAgentN-LitaAgentP7iC.003d68e2,scml.oneshot.sysagents.DefaultOneShotAdapter:litaagent_std.litaagent_n.LitaAgentN,0,[],0,194,0,0,0,98,0,120,0,120,43,0,77,0,97,9.988434612751007e-08,0,[]
000020251128H1309496249196qBU_LitaAgentY-LitaAgentN-LitaAgentP7iC.003d68e2,scml.oneshot.sysagents.DefaultOneShotAdapter:litaagent_std.litaagent_p.LitaAgentP,0,[],0,40,0,0,0,21,0,100,100,100,100,100,0,0,20,9.988434612751007e-08,0,[]
000020251128H1309496249196qBU_LitaAgentY-LitaAgentN-LitaAgentP7iC.003d68e2,scml.oneshot.sysagents.DefaultOneShotAdapter:scml.oneshot.agents.rand.EqualDistOneShotAgent,0,[],0,470,0,0,0,238,0,320,200,320,145,200,175,0,235,5.00120222568512e-07,0,[]
000020251128H1309496249196qBU_LitaAgentY-LitaAgentN-LitaAgentP7iC.003d68e2,scml.oneshot.sysagents.DefaultOneShotAdapter:scml.oneshot.agents.greedy.GreedyOneShotAgent,0,[],0,412,0,0,0,208,0,220,100,220,54,100,166,0,206,2.00001522898674e-07,0,[]
000020251128H1309496249196qBU_LitaAgentY-LitaAgentN-LitaAgentP7iC.003d68e2,scml.oneshot.sysagents.DefaultOneShotAdapter:scml.oneshot.agents.rand.RandDistOneShotAgent,0,[],0,484,0,0,0,245,0,320,200,320,137,200,182,0,242,4.002358764410019e-07,0,[]
000020251128H1309496249196qBU_LitaAgentY-LitaAgentN-LitaAgentP7iC.003d68e2,scml.oneshot.sysagents.DefaultOneShotAdapter:litaagent_std.litaagent_y.LitaAgentY,0,[],0,120,0,0,0,61,0,120,0,120,79,0,40,0,60,6.00004568696022e-07,0,[]
000020251128H1309496249196qBU_LitaAgentY-LitaAgentN-LitaAgentP7iC.003d68e2,System,0,[],0,440,0,0,0,231,0,0,0,0,0,0,0,0,220,2.00001522898674e-07,0,[]
000020251128H1309496249196qBU_LitaAgentY-LitaAgentC-LitaAgentNQAS.023417c1,scml.oneshot.sysagents.DefaultOneShotAdapter:litaagent_std.litaagent_n.LitaAgentN,0,[],0,210,0,0,0,106,0,120,0,120,35,0,85,0,105,9.0012326836586e-07,0,[]
000020251128H1309496249196qBU_LitaAgentY-LitaAgentC-LitaAgentNQAS.023417c1,scml.oneshot.sysagents.DefaultOneShotAdapter:scml.oneshot.agents.rand.EqualDistOneShotAgent,0,[],0,518,0,0,0,262,0,320,200,320,120,200,199,0,259,4.998873919248581e-07,0,[]
000020251128H1309496249196qBU_LitaAgentY-LitaAgentC-LitaAgentNQAS.023417c1,scml.oneshot.sysagents.DefaultOneShotAdapter:scml.oneshot.agents.greedy.GreedyOneShotAgent,0,[],0,404,0,0,0,204,0,220,100,220,57,100,162,0,202,3.0011869966983795e-07,0,[]
000020251128H1309496249196qBU_LitaAgentY-LitaAgentC-LitaAgentNQAS.023417c1,scml.oneshot.sysagents.DefaultOneShotAdapter:litaagent_std.litaagent_cir.LitaAgentCIR,0,[],0,152,0,0,0,77,0,120,0,120,62,0,56,0,76,1.0011717677116394e-07,0,[]
000020251128H1309496249196qBU_LitaAgentY-LitaAgentC-LitaAgentNQAS.023417c1,scml.oneshot.sysagents.DefaultOneShotAdapter:scml.oneshot.agents.rand.RandDistOneShotAgent,0,[],0,552,0,0,0,279,0,320,200,320,104,200,216,0,276,2.998858690261841e-07,0,[]
000020251128H1309496249196qBU_LitaAgentY-LitaAgentC-LitaAgentNQAS.023417c1,scml.oneshot.sysagents.DefaultOneShotAdapter:litaagent_std.litaagent_y.LitaAgentY,0,[],0,136,0,0,0,69,0,100,100,100,50,100,48,0,68,9.988434612751007e-08,0,[]
000020251128H1309496249196qBU_LitaAgentY-LitaAgentC-LitaAgentNQAS.023417c1,System,0,[],0,440,0,0,0,231,0,0,0,0,0,0,0,0,220,4.00003045797348e-07,0,[]
000220251128H130949687433kHMw_LitaAgentY-LitaAgentC-LitaAgentPv9g.0866b60c,scml.oneshot.sysagents.DefaultOneShotAdapter:litaagent_std.litaagent_p.LitaAgentP,0,[],0,40,0,0,0,21,0,80,0,80,80,0,0,0,20,2.00001522898674e-07,0,[]
000220251128H130949687433kHMw_LitaAgentY-LitaAgentC-LitaAgentPv9g.0866b60c,scml.oneshot.sysagents.DefaultOneShotAdapter:scml.oneshot.agents.rand.EqualDistOneShotAgent,0,[],0,114,0,0,0,58,0,80,0,80,43,0,37,0,57,2.00001522898674e-07,0,[]
000220251128H130949687433kHMw_LitaAgentY-LitaAgentC-LitaAgentPv9g.0866b60c,scml.oneshot.sysagents.DefaultOneShotAdapter:scml.oneshot.agents.greedy.GreedyOneShotAgent,0,[],0,314,0,0,0,159,0,160,80,160,43,80,117,0,157,6.00004568696022e-07,0,[]
000220251128H130949687433kHMw_LitaAgentY-LitaAgentC-LitaAgentPv9g.0866b60c,scml.oneshot.sysagents.DefaultOneShotAdapter:litaagent_std.litaagent_cir.LitaAgentCIR,0,[],0,40,0,0,0,21,0,80,80,80,80,80,0,0,20,2.00001522898674e-07,0,[]
000220251128H130949687433kHMw_LitaAgentY-LitaAgentC-LitaAgentPv9g.0866b60c,scml.oneshot.sysagents.DefaultOneShotAdapter:scml.oneshot.agents.rand.RandDistOneShotAgent,0,[],0,224,0,0,0,114,0,160,160,160,88,160,72,1,112,4.00003045797348e-07,0,[]
000220251128H130949687433kHMw_LitaAgentY-LitaAgentC-LitaAgentPv9g.0866b60c,scml.oneshot.sysagents.DefaultOneShotAdapter:litaagent_std.litaagent_y.LitaAgentY,0,[],0,104,0,0,0,53,0,80,0,80,48,0,32,1,52,8.998904377222061e-07,0,[]
000220251128H130949687433kHMw_LitaAgentY-LitaAgentC-LitaAgentPv9g.0866b60c,System,0,[],0,320,0,0,0,168,0,0,0,0,0,0,0,0,160,4.998873919248581e-07,0,[]
000220251128H130949687433kHMw_LitaAgentY-LitaAgentC-LitaAgentPv9g.0609e3b9,scml.oneshot.sysagents.DefaultOneShotAdapter:litaagent_std.litaagent_p.LitaAgentP,0,[],0,40,0,0,0,21,0,80,0,80,80,0,0,0,20,9.0012326836586e-07,0,[]
000220251128H130949687433kHMw_LitaAgentY-LitaAgentC-LitaAgentPv9g.0609e3b9,scml.oneshot.sysagents.DefaultOneShotAdapter:scml.oneshot.agents.rand.EqualDistOneShotAgent,0,[],0,134,0,0,0,68,0,80,0,80,33,0,47,0,67,2.00001522898674e-07,0,[]
000220251128H130949687433kHMw_LitaAgentY-LitaAgentC-LitaAgentPv9g.0609e3b9,scml.oneshot.sysagents.DefaultOneShotAdapter:scml.oneshot.agents.greedy.GreedyOneShotAgent,0,[],0,354,0,0,0,179,0,160,80,160,23,80,137,0,177,4.00003045797348e-07,0,[]
000220251128H130949687433kHMw_LitaAgentY-LitaAgentC-LitaAgentPv9g.0609e3b9,scml.oneshot.sysagents.DefaultOneShotAdapter:litaagent_std.litaagent_cir.LitaAgentCIR,0,[],0,144,0,0,0,73,0,80,0,80,28,0,52,0,72,2.00001522898674e-07,0,[]
000220251128H130949687433kHMw_LitaAgentY-LitaAgentC-LitaAgentPv9g.0609e3b9,scml.oneshot.sysagents.DefaultOneShotAdapter:scml.oneshot.agents.rand.RandDistOneShotAgent,0,[],0,256,0,0,0,130,0,160,160,160,72,160,88,0,128,6.00004568696022e-07,0,[]
000220251128H130949687433kHMw_LitaAgentY-LitaAgentC-LitaAgentPv9g.0609e3b9,scml.oneshot.sysagents.DefaultOneShotAdapter:litaagent_std.litaagent_y.LitaAgentY,0,[],0,108,0,0,0,55,0,80,80,80,46,80,34,0,54,2.00001522898674e-07,0,[]
000220251128H130949687433kHMw_LitaAgentY-LitaAgentC-LitaAgentPv9g.0609e3b9,System,0,[],0,320,0,0,0,168,0,0,0,0,0,0,0,0,160,6.00004568696022e-07,0,[]
000220251128H130949687433kHMw_LitaAgentC-LitaAgentN-LitaAgentPfIT.08ff7e48,scml.oneshot.sysagents.DefaultOneShotAdapter:litaagent_std.litaagent_p.LitaAgentP,0,[],0,40,0,0,0,21,0,80,0,80,80,0,0,0,20,2.00001522898674e-07,0,[]
000220251128H130949687433kHMw_LitaAgentC-LitaAgentN-LitaAgentPfIT.08ff7e48,scml.oneshot.sysagents.DefaultOneShotAdapter:litaagent_std.litaagent_n.LitaAgentN,0,[],0,40,0,0,0,21,0,80,80,80,80,80,0,0,20,1.0011717677116394e-07,0,[]
000220251128H130949687433kHMw_LitaAgentC-LitaAgentN-LitaAgentPfIT.08ff7e48,scml.oneshot.sysagents.DefaultOneShotAdapter:scml.oneshot.agents.rand.EqualDistOneShotAgent,0,[],0,124,0,0,0,63,0,80,0,80,38,0,42,1,62,2.00001522898674e-07,0,[]
000220251128H130949687433kHMw_LitaAgentC-LitaAgentN-LitaAgentPfIT.08ff7e48,scml.oneshot.sysagents.DefaultOneShotAdapter:scml.oneshot.agents.greedy.GreedyOneShotAgent,0,[],0,312,0,0,0,158,0,160,80,160,44,80,116,0,156,2.998858690261841e-07,0,[]
000220251128H130949687433kHMw_LitaAgentC-LitaAgentN-LitaAgentPfIT.08ff7e48,scml.oneshot.sysagents.DefaultOneShotAdapter:litaagent_std.litaagent_cir.LitaAgentCIR,0,[],0,140,0,0,0,71,0,80,0,80,30,0,50,0,70,1.00000761449337e-06,0,[]
000220251128H130949687433kHMw_LitaAgentC-LitaAgentN-LitaAgentPfIT.08ff7e48,scml.oneshot.sysagents.DefaultOneShotAdapter:scml.oneshot.agents.rand.RandDistOneShotAgent,0,[],0,268,0,0,0,136,0,160,160,160,66,160,94,1,134,2.998858690261841e-07,0,[]
000220251128H130949687433kHMw_LitaAgentC-LitaAgentN-LitaAgentPfIT.08ff7e48,System,0,[],0,320,0,0,0,168,0,0,0,0,0,0,0,0,160,4.998873919248581e-07,0,[]
000020251128H1309496249196qBU_LitaAgentY-LitaAgentYR-LitaAgentC0pL.022da10b,scml.oneshot.sysagents.DefaultOneShotAdapter:scml.oneshot.agents.rand.EqualDistOneShotAgent,0,[],0,430,0,0,0,218,0,320,200,320,165,200,155,0,215,3.9977021515369415e-07,0,[]
000020251128H1309496249196qBU_LitaAgentY-LitaAgentYR-LitaAgentC0pL.022da10b,scml.oneshot.sysagents.DefaultOneShotAdapter:scml.oneshot.agents.greedy.GreedyOneShotAgent,0,[],0,404,0,0,0,204,0,220,100,220,58,100,162,0,202,2.998858690261841e-07,0,[]
000020251128H1309496249196qBU_LitaAgentY-LitaAgentYR-LitaAgentC0pL.022da10b,scml.oneshot.sysagents.DefaultOneShotAdapter:litaagent_std.litaagent_cir.LitaAgentCIR,0,[],0,40,0,0,0,21,0,100,100,100,100,100,0,0,20,9.988434612751007e-08,0,[]
000020251128H1309496249196qBU_LitaAgentY-LitaAgentYR-LitaAgentC0pL.022da10b,scml.oneshot.sysagents.DefaultOneShotAdapter:litaagent_std.litaagent_yr.LitaAgentYR,0,[],0,148,0,0,0,75,0,120,0,120,66,0,54,0,74,8.998904377222061e-07,0,[]
000020251128H1309496249196qBU_LitaAgentY-LitaAgentYR-LitaAgentC0pL.022da10b,scml.oneshot.sysagents.DefaultOneShotAdapter:scml.oneshot.agents.rand.RandDistOneShotAgent,0,[],0,486,0,0,0,246,0,320,200,320,137,200,183,0,243,5.00120222568512e-07,0,[]
000020251128H1309496249196qBU_LitaAgentY-LitaAgentYR-LitaAgentC0pL.022da10b,scml.oneshot.sysagents.DefaultOneShotAdapter:litaagent_std.litaagent_y.LitaAgentY,0,[],0,152,0,0,0,77,0,120,0,120,64,0,56,0,76,1.0011717677116394e-07,0,[]
000020251128H1309496249196qBU_LitaAgentY-LitaAgentYR-LitaAgentC0pL.022da10b,System,0,[],0,440,0,0,0,231,0,0,0,0,0,0,0,0,220,2.998858690261841e-07,0,[]
000120251128H130949660922ppJj_LitaAgentY-LitaAgentP-Msj7.045eae77,scml.oneshot.sysagents.DefaultOneShotAdapter:litaagent_std.litaagent_p.LitaAgentP,0,[],0,40,0,0,0,21,0,120,0,120,120,0,0,0,20,8.998904377222061e-07,0,[]
000120251128H130949660922ppJj_LitaAgentY-LitaAgentP-Msj7.045eae77,scml.oneshot.sysagents.DefaultOneShotAdapter:scml.oneshot.agents.rand.EqualDistOneShotAgent,0,[],0,494,0,0,0,250,0,320,200,320,133,200,187,0,247,6.998889148235321e-07,0,[]
000120251128H130949660922ppJj_LitaAgentY-LitaAgentP-Msj7.045eae77,scml.oneshot.sysagents.DefaultOneShotAdapter:scml_agents.scml2025.oneshot.mat.mat.MATAgent,0,[],0,140,0,0,0,71,0,100,100,100,50,100,50,0,70,2.00001522898674e-07,0,[]
000120251128H130949660922ppJj_LitaAgentY-LitaAgentP-Msj7.045eae77,scml.oneshot.sysagents.DefaultOneShotAdapter:scml.oneshot.agents.greedy.GreedyOneShotAgent,0,[],0,340,0,0,0,172,0,220,100,220,90,100,130,0,170,4.00003045797348e-07,0,[]
000120251128H130949660922ppJj_LitaAgentY-LitaAgentP-Msj7.045eae77,scml.oneshot.sysagents.DefaultOneShotAdapter:scml.oneshot.agents.rand.RandDistOneShotAgent,0,[],0,540,0,0,0,273,0,340,100,340,130,100,210,0,270,8.00006091594696e-07,0,[]
000120251128H130949660922ppJj_LitaAgentY-LitaAgentP-Msj7.045eae77,scml.oneshot.sysagents.DefaultOneShotAdapter:litaagent_std.litaagent_y.LitaAgentY,0,[],0,134,0,0,0,68,0,100,100,100,53,100,47,0,67,9.988434612751007e-08,0,[]
000120251128H130949660922ppJj_LitaAgentY-LitaAgentP-Msj7.045eae77,System,0,[],0,440,0,0,0,231,0,0,0,0,0,0,0,0,220,4.00003045797348e-07,0,[]
000020251128H1309496249196qBU_LitaAgentY-LitaAgentN-MfyS.02e8cd90,scml.oneshot.sysagents.DefaultOneShotAdapter:litaagent_std.litaagent_n.LitaAgentN,0,[],0,200,0,0,0,101,0,120,0,120,40,0,80,0,100,7.00121745467186e-07,0,[]
000020251128H1309496249196qBU_LitaAgentY-LitaAgentN-MfyS.02e8cd90,scml.oneshot.sysagents.DefaultOneShotAdapter:scml.oneshot.agents.rand.EqualDistOneShotAgent,0,[],0,500,0,0,0,253,0,320,200,320,130,200,190,0,250,6.00004568696022e-07,0,[]
000020251128H1309496249196qBU_LitaAgentY-LitaAgentN-MfyS.02e8cd90,scml.oneshot.sysagents.DefaultOneShotAdapter:scml_agents.scml2025.oneshot.mat.mat.MATAgent,0,[],0,128,0,0,0,65,0,100,100,100,56,100,44,0,64,2.998858690261841e-07,0,[]
000020251128H1309496249196qBU_LitaAgentY-LitaAgentN-MfyS.02e8cd90,scml.oneshot.sysagents.DefaultOneShotAdapter:scml.oneshot.agents.greedy.GreedyOneShotAgent,0,[],0,364,0,0,0,184,0,220,100,220,78,100,142,0,182,4.00003045797348e-07,0,[]
000020251128H1309496249196qBU_LitaAgentY-LitaAgentN-MfyS.02e8cd90,scml.oneshot.sysagents.DefaultOneShotAdapter:litaagent_std.litaagent_yr.LitaAgentYR,0,[],0,128,0,0,0,65,0,120,0,120,76,0,44,0,64,2.00001522898674e-07,0,[]
000020251128H1309496249196qBU_LitaAgentY-LitaAgentN-MfyS.02e8cd90,scml.oneshot.sysagents.DefaultOneShotAdapter:scml.oneshot.agents.rand.RandDistOneShotAgent,0,[],0,520,0,0,0,263,0,320,200,320,120,200,200,0,260,7.997732609510422e-07,0,[]
000020251128H1309496249196qBU_LitaAgentY-LitaAgentN-MfyS.02e8cd90,System,0,[],0,440,0,0,0,231,0,0,0,0,0,0,0,0,220,4.998873919248581e-07,0,[]
000220251128H130949687433kHMw_LitaAgentC-LitaAgentN-Mtrt.076c9f0f,scml.oneshot.sysagents.DefaultOneShotAdapter:litaagent_std.litaagent_n.LitaAgentN,0,[],0,166,0,0,0,84,0,80,0,80,17,0,63,0,83,2.00001522898674e-07,0,[]
000220251128H130949687433kHMw_LitaAgentC-LitaAgentN-Mtrt.076c9f0f,scml.oneshot.sysagents.DefaultOneShotAdapter:scml.oneshot.agents.rand.EqualDistOneShotAgent,0,[],0,130,0,0,0,66,0,80,0,80,35,0,45,0,65,9.988434612751007e-08,0,[]
000220251128H130949687433kHMw_LitaAgentC-LitaAgentN-Mtrt.076c9f0f,scml.oneshot.sysagents.DefaultOneShotAdapter:scml_agents.scml2025.oneshot.mat.mat.MATAgent,0,[],0,124,0,0,0,63,0,80,80,80,38,80,42,0,62,9.988434612751007e-08,0,[]
000220251128H130949687433kHMw_LitaAgentC-LitaAgentN-Mtrt.076c9f0f,scml.oneshot.sysagents.DefaultOneShotAdapter:scml.oneshot.agents.greedy.GreedyOneShotAgent,0,[],0,346,0,0,0,175,0,160,80,160,27,80,133,0,173,4.00003045797348e-07,0,[]
000220251128H130949687433kHMw_LitaAgentC-LitaAgentN-Mtrt.076c9f0f,scml.oneshot.sysagents.DefaultOneShotAdapter:litaagent_std.litaagent_cir.LitaAgentCIR,0,[],0,154,0,0,0,78,0,80,0,80,23,0,57,0,77,6.998889148235321e-07,0,[]
000220251128H130949687433kHMw_LitaAgentC-LitaAgentN-Mtrt.076c9f0f,scml.oneshot.sysagents.DefaultOneShotAdapter:scml.oneshot.agents.rand.RandDistOneShotAgent,0,[],0,296,0,0,0,150,0,160,160,160,52,160,108,0,148,1.9976869225502014e-07,0,[]
000220251128H130949687433kHMw_LitaAgentC-LitaAgentN-Mtrt.076c9f0f,System,0,[],0,320,0,0,0,168,0,0,0,0,0,0,0,0,160,3.0011869966983795e-07,0,[]
000220251128H130949687433kHMw_LitaAgentY-LitaAgentC-Mt15.06ebc655,scml.oneshot.sysagents.DefaultOneShotAdapter:scml.oneshot.agents.rand.EqualDistOneShotAgent,0,[],0,134,0,0,0,68,0,80,0,80,33,0,47,0,67,2.998858690261841e-07,0,[]
000220251128H130949687433kHMw_LitaAgentY-LitaAgentC-Mt15.06ebc655,scml.oneshot.sysagents.DefaultOneShotAdapter:scml_agents.scml2025.oneshot.mat.mat.MATAgent,0,[],0,168,0,0,0,85,0,80,0,80,16,0,64,5,84,5.00120222568512e-07,0,[]
000220251128H130949687433kHMw_LitaAgentY-LitaAgentC-Mt15.06ebc655,scml.oneshot.sysagents.DefaultOneShotAdapter:scml.oneshot.agents.greedy.GreedyOneShotAgent,0,[],0,328,0,0,0,166,0,160,80,160,36,80,124,11,164,4.00003045797348e-07,0,[]
000220251128H130949687433kHMw_LitaAgentY-LitaAgentC-Mt15.06ebc655,scml.oneshot.sysagents.DefaultOneShotAdapter:litaagent_std.litaagent_cir.LitaAgentCIR,0,[],0,138,0,0,0,70,0,80,0,80,31,0,49,11,69,2.998858690261841e-07,0,[]
000220251128H130949687433kHMw_LitaAgentY-LitaAgentC-Mt15.06ebc655,scml.oneshot.sysagents.DefaultOneShotAdapter:litaagent_std.litaagent_yr.LitaAgentYR,0,[],0,88,0,0,0,45,0,80,80,80,56,80,24,27,44,2.00001522898674e-07,0,[]
000220251128H130949687433kHMw_LitaAgentY-LitaAgentC-Mt15.06ebc655,scml.oneshot.sysagents.DefaultOneShotAdapter:scml.oneshot.agents.rand.RandDistOneShotAgent,0,[],0,320,0,0,0,162,0,160,160,160,40,160,120,0,160,4.998873919248581e-07,0,[]
000220251128H130949687433kHMw_LitaAgentY-LitaAgentC-Mt15.06ebc655,System,0,[],0,320,0,0,0,168,0,0,0,0,0,0,0,0,160,4.00003045797348e-07,0,[]
000120251128H130949660922ppJj_LitaAgentN-LitaAgentP-MRYW.036cc709,scml.oneshot.sysagents.DefaultOneShotAdapter:litaagent_std.litaagent_n.LitaAgentN,0,[],0,182,0,0,0,92,0,120,0,120,49,0,71,0,91,6.00004568696022e-07,0,[]
000120251128H130949660922ppJj_LitaAgentN-LitaAgentP-MRYW.036cc709,scml.oneshot.sysagents.DefaultOneShotAdapter:litaagent_std.litaagent_p.LitaAgentP,0,[],0,40,0,0,0,21,0,100,100,100,100,100,0,0,20,9.988434612751007e-08,0,[]
000120251128H130949660922ppJj_LitaAgentN-LitaAgentP-MRYW.036cc709,scml.oneshot.sysagents.DefaultOneShotAdapter:scml.oneshot.agents.rand.EqualDistOneShotAgent,0,[],0,478,0,0,0,242,0,320,200,320,141,200,179,0,239,5.997717380523682e-07,0,[]
000120251128H130949660922ppJj_LitaAgentN-LitaAgentP-MRYW.036cc709,scml.oneshot.sysagents.DefaultOneShotAdapter:scml_agents.scml2025.oneshot.mat.mat.MATAgent,0,[],0,152,0,0,0,77,0,100,100,100,44,100,56,0,76,9.988434612751007e-08,0,[]
000120251128H130949660922ppJj_LitaAgentN-LitaAgentP-MRYW.036cc709,scml.oneshot.sysagents.DefaultOneShotAdapter:scml.oneshot.agents.greedy.GreedyOneShotAgent,0,[],0,340,0,0,0,172,0,220,100,220,90,100,130,0,170,3.0011869966983795e-07,0,[]
000120251128H130949660922ppJj_LitaAgentN-LitaAgentP-MRYW.036cc709,scml.oneshot.sysagents.DefaultOneShotAdapter:scml.oneshot.agents.rand.RandDistOneShotAgent,0,[],0,524,0,0,0,265,0,340,100,340,138,100,202,0,262,4.00003045797348e-07,0,[]
000120251128H130949660922ppJj_LitaAgentN-LitaAgentP-MRYW.036cc709,System,0,[],0,440,0,0,0,231,0,0,0,0,0,0,0,0,220,2.998858690261841e-07,0,[]
000220251128H130949687433kHMw_LitaAgentC-LitaAgentN-LitaAgentPfIT.074a0914,scml.oneshot.sysagents.DefaultOneShotAdapter:litaagent_std.litaagent_n.LitaAgentN,0,[],0,150,0,0,0,76,0,80,0,80,25,0,55,0,75,8.998904377222061e-07,0,[]
000220251128H130949687433kHMw_LitaAgentC-LitaAgentN-LitaAgentPfIT.074a0914,scml.oneshot.sysagents.DefaultOneShotAdapter:litaagent_std.litaagent_p.LitaAgentP,0,[],0,40,0,0,0,21,0,80,80,80,80,80,0,0,20,2.00001522898674e-07,0,[]
000220251128H130949687433kHMw_LitaAgentC-LitaAgentN-LitaAgentPfIT.074a0914,scml.oneshot.sysagents.DefaultOneShotAdapter:scml.oneshot.agents.rand.EqualDistOneShotAgent,0,[],0,114,0,0,0,58,0,80,0,80,43,0,37,0,57,2.00001522898674e-07,0,[]
000220251128H130949687433kHMw_LitaAgentC-LitaAgentN-LitaAgentPfIT.074a0914,scml.oneshot.sysagents.DefaultOneShotAdapter:scml.oneshot.agents.greedy.GreedyOneShotAgent,0,[],0,334,0,0,0,169,0,160,80,160,33,80,127,0,167,3.0011869966983795e-07,0,[]
000220251128H130949687433kHMw_LitaAgentC-LitaAgentN-LitaAgentPfIT.074a0914,scml.oneshot.sysagents.DefaultOneShotAdapter:litaagent_std.litaagent_cir.LitaAgentCIR,0,[],0,142,0,0,0,72,0,80,0,80,29,0,51,0,71,2.998858690261841e-07,0,[]
000220251128H130949687433kHMw_LitaAgentC-LitaAgentN-LitaAgentPfIT.074a0914,scml.oneshot.sysagents.DefaultOneShotAdapter:scml.oneshot.agents.rand.RandDistOneShotAgent,0,[],0,312,0,0,0,158,0,160,160,160,44,160,116,0,156,2.998858690261841e-07,0,[]
000220251128H130949687433kHMw_LitaAgentC-LitaAgentN-LitaAgentPfIT.074a0914,System,0,[],0,320,0,0,0,168,0,0,0,0,0,0,0,0,160,1.9976869225502014e-07,0,[]
000120251128H130949660922ppJj_LitaAgentY-LitaAgentC-Ma3H.055b93ae,scml.oneshot.sysagents.DefaultOneShotAdapter:scml.oneshot.agents.rand.EqualDistOneShotAgent,0,[],0,474,0,0,0,240,0,320,200,320,143,200,177,1,237,6.998889148235321e-07,0,[]
000120251128H130949660922ppJj_LitaAgentY-LitaAgentC-Ma3H.055b93ae,scml.oneshot.sysagents.DefaultOneShotAdapter:scml_agents.scml2025.oneshot.mat.mat.MATAgent,0,[],0,182,0,0,0,92,0,120,0,120,49,0,71,7,91,8.00006091594696e-07,0,[]
000120251128H130949660922ppJj_LitaAgentY-LitaAgentC-Ma3H.055b93ae,scml.oneshot.sysagents.DefaultOneShotAdapter:scml.oneshot.agents.greedy.GreedyOneShotAgent,0,[],0,346,0,0,0,175,0,220,100,220,87,100,133,18,173,4.00003045797348e-07,0,[]
000120251128H130949660922ppJj_LitaAgentY-LitaAgentC-Ma3H.055b93ae,scml.oneshot.sysagents.DefaultOneShotAdapter:litaagent_std.litaagent_cir.LitaAgentCIR,0,[],0,40,0,0,0,21,0,100,100,100,100,100,0,0,20,2.00001522898674e-07,0,[]
000120251128H130949660922ppJj_LitaAgentY-LitaAgentC-Ma3H.055b93ae,scml.oneshot.sysagents.DefaultOneShotAdapter:litaagent_std.litaagent_yr.LitaAgentYR,0,[],0,150,0,0,0,76,0,100,100,100,45,100,55,29,75,2.00001522898674e-07,0,[]
000120251128H130949660922ppJj_LitaAgentY-LitaAgentC-Ma3H.055b93ae,scml.oneshot.sysagents.DefaultOneShotAdapter:scml.oneshot.agents.rand.RandDistOneShotAgent,0,[],0,500,0,0,0,253,0,340,100,340,150,100,190,3,250,7.00121745467186e-07,0,[]
000120251128H130949660922ppJj_LitaAgentY-LitaAgentC-Ma3H.055b93ae,System,0,[],0,440,0,0,0,231,0,0,0,0,0,0,0,0,220,4.00003045797348e-07,0,[]
000120251128H130949660922ppJj_LitaAgentY-LitaAgentC-LitaAgentPYEh.0424efb8,scml.oneshot.sysagents.DefaultOneShotAdapter:litaagent_std.litaagent_p.LitaAgentP,0,[],0,40,0,0,0,21,0,100,100,100,100,100,0,0,20,2.00001522898674e-07,0,[]
000120251128H130949660922ppJj_LitaAgentY-LitaAgentC-LitaAgentPYEh.0424efb8,scml.oneshot.sysagents.DefaultOneShotAdapter:scml.oneshot.agents.rand.EqualDistOneShotAgent,0,[],0,430,0,0,0,218,0,320,200,320,165,200,155,0,215,4.002358764410019e-07,0,[]
000120251128H130949660922ppJj_LitaAgentY-LitaAgentC-LitaAgentPYEh.0424efb8,scml.oneshot.sysagents.DefaultOneShotAdapter:scml.oneshot.agents.greedy.GreedyOneShotAgent,0,[],0,398,0,0,0,201,0,220,100,220,61,100,159,0,199,4.00003045797348e-07,0,[]
000120251128H130949660922ppJj_LitaAgentY-LitaAgentC-LitaAgentPYEh.0424efb8,scml.oneshot.sysagents.DefaultOneShotAdapter:litaagent_std.litaagent_cir.LitaAgentCIR,0,[],0,40,0,0,0,21,0,100,100,100,100,100,0,0,20,2.00001522898674e-07,0,[]
000120251128H130949660922ppJj_LitaAgentY-LitaAgentC-LitaAgentPYEh.0424efb8,scml.oneshot.sysagents.DefaultOneShotAdapter:litaagent_std.litaagent_yr.LitaAgentYR,0,[],0,122,0,0,0,62,0,120,0,120,78,0,41,0,61,6.00004568696022e-07,0,[]
000120251128H130949660922ppJj_LitaAgentY-LitaAgentC-LitaAgentPYEh.0424efb8,scml.oneshot.sysagents.DefaultOneShotAdapter:scml.oneshot.agents.rand.RandDistOneShotAgent,0,[],0,446,0,0,0,226,0,340,100,340,176,100,163,0,223,3.0011869966983795e-07,0,[]
000120251128H130949660922ppJj_LitaAgentY-LitaAgentC-LitaAgentPYEh.0424efb8,System,0,[],0,440,0,0,0,231,0,0,0,0,0,0,0,0,220,2.998858690261841e-07,0,[]
000220251128H130949687433kHMw_LitaAgentY-LitaAgentC-LitaAgentNZ8D.08bc8690,scml.oneshot.sysagents.DefaultOneShotAdapter:litaagent_std.litaagent_n.LitaAgentN,0,[],0,170,0,0,0,86,0,80,0,80,15,0,65,0,85,6.00004568696022e-07,0,[]
000220251128H130949687433kHMw_LitaAgentY-LitaAgentC-LitaAgentNZ8D.08bc8690,scml.oneshot.sysagents.DefaultOneShotAdapter:scml.oneshot.agents.rand.EqualDistOneShotAgent,0,[],0,142,0,0,0,72,0,80,0,80,29,0,51,0,71,2.00001522898674e-07,0,[]
000220251128H130949687433kHMw_LitaAgentY-LitaAgentC-LitaAgentNZ8D.08bc8690,scml.oneshot.sysagents.DefaultOneShotAdapter:scml.oneshot.agents.greedy.GreedyOneShotAgent,0,[],0,372,0,0,0,188,0,160,80,160,14,80,146,0,186,2.998858690261841e-07,0,[]
000220251128H130949687433kHMw_LitaAgentY-LitaAgentC-LitaAgentNZ8D.08bc8690,scml.oneshot.sysagents.DefaultOneShotAdapter:litaagent_std.litaagent_cir.LitaAgentCIR,0,[],0,138,0,0,0,70,0,80,0,80,31,0,49,0,69,1.0011717677116394e-07,0,[]
000220251128H130949687433kHMw_LitaAgentY-LitaAgentC-LitaAgentNZ8D.08bc8690,scml.oneshot.sysagents.DefaultOneShotAdapter:scml.oneshot.agents.rand.RandDistOneShotAgent,0,[],0,312,0,0,0,158,0,160,160,160,44,160,116,0,156,2.00001522898674e-07,0,[]
000220251128H130949687433kHMw_LitaAgentY-LitaAgentC-LitaAgentNZ8D.08bc8690,scml.oneshot.sysagents.DefaultOneShotAdapter:litaagent_std.litaagent_y.LitaAgentY,0,[],0,122,0,0,0,62,0,80,80,80,39,80,41,0,61,1.0011717677116394e-07,0,[]
000220251128H130949687433kHMw_LitaAgentY-LitaAgentC-LitaAgentNZ8D.08bc8690,System,0,[],0,320,0,0,0,168,0,0,0,0,0,0,0,0,160,3.0011869966983795e-07,0,[]
000020251128H1309496249196qBU_LitaAgentY-LitaAgentYR-LitaAgentPB2u.00ad7ae3,scml.oneshot.sysagents.DefaultOneShotAdapter:litaagent_std.litaagent_p.LitaAgentP,0,[],0,40,0,0,0,21,0,120,0,120,120,0,0,0,20,1.9976869225502014e-07,0,[]
000020251128H1309496249196qBU_LitaAgentY-LitaAgentYR-LitaAgentPB2u.00ad7ae3,scml.oneshot.sysagents.DefaultOneShotAdapter:scml.oneshot.agents.rand.EqualDistOneShotAgent,0,[],0,454,0,0,0,230,0,320,200,320,153,200,167,0,227,2.998858690261841e-07,0,[]
000020251128H1309496249196qBU_LitaAgentY-LitaAgentYR-LitaAgentPB2u.00ad7ae3,scml.oneshot.sysagents.DefaultOneShotAdapter:scml.oneshot.agents.greedy.GreedyOneShotAgent,0,[],0,412,0,0,0,208,0,220,100,220,54,100,166,0,206,2.0023435354232788e-07,0,[]
000020251128H1309496249196qBU_LitaAgentY-LitaAgentYR-LitaAgentPB2u.00ad7ae3,scml.oneshot.sysagents.DefaultOneShotAdapter:litaagent_std.litaagent_yr.LitaAgentYR,0,[],0,118,0,0,0,60,0,120,0,120,80,0,39,0,59,8.998904377222061e-07,0,[]
000020251128H1309496249196qBU_LitaAgentY-LitaAgentYR-LitaAgentPB2u.00ad7ae3,scml.oneshot.sysagents.DefaultOneShotAdapter:scml.oneshot.agents.rand.RandDistOneShotAgent,0,[],0,490,0,0,0,248,0,320,200,320,135,200,185,0,245,3.9977021515369415e-07,0,[]
000020251128H1309496249196qBU_LitaAgentY-LitaAgentYR-LitaAgentPB2u.00ad7ae3,scml.oneshot.sysagents.DefaultOneShotAdapter:litaagent_std.litaagent_y.LitaAgentY,0,[],0,118,0,0,0,60,0,100,100,100,60,100,39,0,59,1.0011717677116394e-07,0,[]
000020251128H1309496249196qBU_LitaAgentY-LitaAgentYR-LitaAgentPB2u.00ad7ae3,System,0,[],0,440,0,0,0,231,0,0,0,0,0,0,0,0,220,1.9976869225502014e-07,0,[]
000120251128H130949660922ppJj_LitaAgentY-LitaAgentC-LitaAgentNrpw.040f5b21,scml.oneshot.sysagents.DefaultOneShotAdapter:litaagent_std.litaagent_n.LitaAgentN,0,[],0,40,0,0,0,21,0,100,100,100,100,100,0,0,20,2.00001522898674e-07,0,[]
000120251128H130949660922ppJj_LitaAgentY-LitaAgentC-LitaAgentNrpw.040f5b21,scml.oneshot.sysagents.DefaultOneShotAdapter:scml.oneshot.agents.rand.EqualDistOneShotAgent,0,[],0,466,0,0,0,236,0,320,200,320,147,200,173,2,233,6.998889148235321e-07,0,[]
000120251128H130949660922ppJj_LitaAgentY-LitaAgentC-LitaAgentNrpw.040f5b21,scml.oneshot.sysagents.DefaultOneShotAdapter:scml.oneshot.agents.greedy.GreedyOneShotAgent,0,[],0,372,0,0,0,188,0,220,100,220,74,100,146,13,186,4.00003045797348e-07,0,[]
000120251128H130949660922ppJj_LitaAgentY-LitaAgentC-LitaAgentNrpw.040f5b21,scml.oneshot.sysagents.DefaultOneShotAdapter:litaagent_std.litaagent_cir.LitaAgentCIR,0,[],0,140,0,0,0,71,0,120,0,120,70,0,50,13,70,8.00006091594696e-07,0,[]
000120251128H130949660922ppJj_LitaAgentY-LitaAgentC-LitaAgentNrpw.040f5b21,scml.oneshot.sysagents.DefaultOneShotAdapter:litaagent_std.litaagent_yr.LitaAgentYR,0,[],0,120,0,0,0,61,0,100,100,100,60,100,40,30,60,2.00001522898674e-07,0,[]
000120251128H130949660922ppJj_LitaAgentY-LitaAgentC-LitaAgentNrpw.040f5b21,scml.oneshot.sysagents.DefaultOneShotAdapter:scml.oneshot.agents.rand.RandDistOneShotAgent,0,[],0,506,0,0,0,256,0,340,100,340,147,100,193,2,253,5.00120222568512e-07,0,[]
000120251128H130949660922ppJj_LitaAgentY-LitaAgentC-LitaAgentNrpw.040f5b21,System,0,[],0,440,0,0,0,231,0,0,0,0,0,0,0,0,220,4.00003045797348e-07,0,[]
000120251128H130949660922ppJj_LitaAgentY-LitaAgentYR-LitaAgentCrqf.05988f93,scml.oneshot.sysagents.DefaultOneShotAdapter:scml.oneshot.agents.rand.EqualDistOneShotAgent,0,[],0,440,0,0,0,223,0,320,200,320,160,200,160,0,220,6.00004568696022e-07,0,[]
000120251128H130949660922ppJj_LitaAgentY-LitaAgentYR-LitaAgentCrqf.05988f93,scml.oneshot.sysagents.DefaultOneShotAdapter:scml.oneshot.agents.greedy.GreedyOneShotAgent,0,[],0,394,0,0,0,199,0,220,100,220,63,100,157,0,197,4.00003045797348e-07,0,[]
000120251128H130949660922ppJj_LitaAgentY-LitaAgentYR-LitaAgentCrqf.05988f93,scml.oneshot.sysagents.DefaultOneShotAdapter:litaagent_std.litaagent_cir.LitaAgentCIR,0,[],0,40,0,0,0,21,0,100,100,100,100,100,0,0,20,9.988434612751007e-08,0,[]
000120251128H130949660922ppJj_LitaAgentY-LitaAgentYR-LitaAgentCrqf.05988f93,scml.oneshot.sysagents.DefaultOneShotAdapter:litaagent_std.litaagent_yr.LitaAgentYR,0,[],0,118,0,0,0,60,0,120,0,120,80,0,39,0,59,8.00006091594696e-07,0,[]
000120251128H130949660922ppJj_LitaAgentY-LitaAgentYR-LitaAgentCrqf.05988f93,scml.oneshot.sysagents.DefaultOneShotAdapter:scml.oneshot.agents.rand.RandDistOneShotAgent,0,[],0,472,0,0,0,239,0,340,100,340,164,100,176,0,236,6.00004568696022e-07,0,[]
000120251128H130949660922ppJj_LitaAgentY-LitaAgentYR-LitaAgentCrqf.05988f93,scml.oneshot.sysagents.DefaultOneShotAdapter:litaagent_std.litaagent_y.LitaAgentY,0,[],0,152,0,0,0,77,0,100,100,100,43,100,56,0,76,2.00001522898674e-07,0,[]
000120251128H130949660922ppJj_LitaAgentY-LitaAgentYR-LitaAgentCrqf.05988f93,System,0,[],0,440,0,0,0,231,0,0,0,0,0,0,0,0,220,5.00120222568512e-07,0,[]
000020251128H1309496249196qBU_LitaAgentY-LitaAgentC-LitaAgentPKLe.02ddbc1d,scml.oneshot.sysagents.DefaultOneShotAdapter:litaagent_std.litaagent_p.LitaAgentP,0,[],0,40,0,0,0,21,0,120,0,120,120,0,0,0,20,8.00006091594696e-07,0,[]
000020251128H1309496249196qBU_LitaAgentY-LitaAgentC-LitaAgentPKLe.02ddbc1d,scml.oneshot.sysagents.DefaultOneShotAdapter:scml.oneshot.agents.rand.EqualDistOneShotAgent,0,[],0,418,0,0,0,212,0,320,200,320,170,200,149,0,209,4.998873919248581e-07,0,[]
000020251128H1309496249196qBU_LitaAgentY-LitaAgentC-LitaAgentPKLe.02ddbc1d,scml.oneshot.sysagents.DefaultOneShotAdapter:scml.oneshot.agents.greedy.GreedyOneShotAgent,0,[],0,392,0,0,0,198,0,220,100,220,64,100,156,0,196,4.998873919248581e-07,0,[]
000020251128H1309496249196qBU_LitaAgentY-LitaAgentC-LitaAgentPKLe.02ddbc1d,scml.oneshot.sysagents.DefaultOneShotAdapter:litaagent_std.litaagent_cir.LitaAgentCIR,0,[],0,40,0,0,0,21,0,100,100,100,100,100,0,0,20,3.0011869966983795e-07,0,[]
000020251128H1309496249196qBU_LitaAgentY-LitaAgentC-LitaAgentPKLe.02ddbc1d,scml.oneshot.sysagents.DefaultOneShotAdapter:scml.oneshot.agents.rand.RandDistOneShotAgent,0,[],0,468,0,0,0,237,0,320,200,320,145,200,174,0,234,6.998889148235321e-07,0,[]
000020251128H1309496249196qBU_LitaAgentY-LitaAgentC-LitaAgentPKLe.02ddbc1d,scml.oneshot.sysagents.DefaultOneShotAdapter:litaagent_std.litaagent_y.LitaAgentY,0,[],0,114,0,0,0,58,0,120,0,120,81,0,37,0,57,3.0011869966983795e-07,0,[]
000020251128H1309496249196qBU_LitaAgentY-LitaAgentC-LitaAgentPKLe.02ddbc1d,System,0,[],0,440,0,0,0,231,0,0,0,0,0,0,0,0,220,4.00003045797348e-07,0,[]
000020251128H1309496249196qBU_LitaAgentC-LitaAgentN-M8tJ.02e76647,scml.oneshot.sysagents.DefaultOneShotAdapter:litaagent_std.litaagent_n.LitaAgentN,0,[],0,198,0,0,0,100,0,120,0,120,41,0,79,0,99,3.0011869966983795e-07,0,[]
000020251128H1309496249196qBU_LitaAgentC-LitaAgentN-M8tJ.02e76647,scml.oneshot.sysagents.DefaultOneShotAdapter:scml.oneshot.agents.rand.EqualDistOneShotAgent,0,[],0,530,0,0,0,268,0,320,200,320,115,200,205,0,265,7.00121745467186e-07,0,[]
000020251128H1309496249196qBU_LitaAgentC-LitaAgentN-M8tJ.02e76647,scml.oneshot.sysagents.DefaultOneShotAdapter:scml_agents.scml2025.oneshot.mat.mat.MATAgent,0,[],0,140,0,0,0,71,0,100,100,100,50,100,50,0,70,2.00001522898674e-07,0,[]
000020251128H1309496249196qBU_LitaAgentC-LitaAgentN-M8tJ.02e76647,scml.oneshot.sysagents.DefaultOneShotAdapter:scml.oneshot.agents.greedy.GreedyOneShotAgent,0,[],0,358,0,0,0,181,0,220,100,220,81,100,139,0,179,4.998873919248581e-07,0,[]
000020251128H1309496249196qBU_LitaAgentC-LitaAgentN-M8tJ.02e76647,scml.oneshot.sysagents.DefaultOneShotAdapter:litaagent_std.litaagent_cir.LitaAgentCIR,0,[],0,180,0,0,0,91,0,120,0,120,50,0,70,0,90,9.0012326836586e-07,0,[]
000020251128H1309496249196qBU_LitaAgentC-LitaAgentN-M8tJ.02e76647,scml.oneshot.sysagents.DefaultOneShotAdapter:scml.oneshot.agents.rand.RandDistOneShotAgent,0,[],0,538,0,0,0,272,0,320,200,320,111,200,209,0,269,8.002389222383499e-07,0,[]
000020251128H1309496249196qBU_LitaAgentC-LitaAgentN-M8tJ.02e76647,System,0,[],0,440,0,0,0,231,0,0,0,0,0,0,0,0,220,4.998873919248581e-07,0,[]
000120251128H130949660922ppJj_LitaAgentN-LitaAgentP-MRYW.040b86df,scml.oneshot.sysagents.DefaultOneShotAdapter:litaagent_std.litaagent_n.LitaAgentN,0,[],0,40,0,0,0,21,0,100,100,100,100,100,0,0,20,2.998858690261841e-07,0,[]
000120251128H130949660922ppJj_LitaAgentN-LitaAgentP-MRYW.040b86df,scml.oneshot.sysagents.DefaultOneShotAdapter:litaagent_std.litaagent_p.LitaAgentP,0,[],0,40,0,0,0,21,0,100,100,100,100,100,0,0,20,2.998858690261841e-07,0,[]
000120251128H130949660922ppJj_LitaAgentN-LitaAgentP-MRYW.040b86df,scml.oneshot.sysagents.DefaultOneShotAdapter:scml.oneshot.agents.rand.EqualDistOneShotAgent,0,[],0,422,0,0,0,214,0,320,200,320,169,200,151,0,211,6.00004568696022e-07,0,[]
000120251128H130949660922ppJj_LitaAgentN-LitaAgentP-MRYW.040b86df,scml.oneshot.sysagents.DefaultOneShotAdapter:scml_agents.scml2025.oneshot.mat.mat.MATAgent,0,[],0,156,0,0,0,79,0,120,0,120,62,0,58,0,78,8.998904377222061e-07,0,[]
000120251128H130949660922ppJj_LitaAgentN-LitaAgentP-MRYW.040b86df,scml.oneshot.sysagents.DefaultOneShotAdapter:scml.oneshot.agents.greedy.GreedyOneShotAgent,0,[],0,368,0,0,0,186,0,220,100,220,76,100,144,0,184,6.00004568696022e-07,0,[]
000120251128H130949660922ppJj_LitaAgentN-LitaAgentP-MRYW.040b86df,scml.oneshot.sysagents.DefaultOneShotAdapter:scml.oneshot.agents.rand.RandDistOneShotAgent,0,[],0,450,0,0,0,228,0,340,100,340,175,100,165,2,225,6.998889148235321e-07,0,[]
000120251128H130949660922ppJj_LitaAgentN-LitaAgentP-MRYW.040b86df,System,0,[],0,440,0,0,0,231,0,0,0,0,0,0,0,0,220,2.998858690261841e-07,0,[]
000020251128H1309496249196qBU_LitaAgentY-LitaAgentYR-LitaAgentC0pL.0179e56a,scml.oneshot.sysagents.DefaultOneShotAdapter:scml.oneshot.agents.rand.EqualDistOneShotAgent,0,[],0,498,0,0,0,252,0,320,200,320,131,200,189,0,249,7.00121745467186e-07,0,[]
000020251128H1309496249196qBU_LitaAgentY-LitaAgentYR-LitaAgentC0pL.0179e56a,scml.oneshot.sysagents.DefaultOneShotAdapter:scml.oneshot.agents.greedy.GreedyOneShotAgent,0,[],0,382,0,0,0,193,0,220,100,220,69,100,151,10,191,6.00004568696022e-07,0,[]
000020251128H1309496249196qBU_LitaAgentY-LitaAgentYR-LitaAgentC0pL.0179e56a,scml.oneshot.sysagents.DefaultOneShotAdapter:litaagent_std.litaagent_cir.LitaAgentCIR,0,[],0,186,0,0,0,94,0,120,0,120,47,0,73,10,93,2.00001522898674e-07,0,[]
000020251128H1309496249196qBU_LitaAgentY-LitaAgentYR-LitaAgentC0pL.0179e56a,scml.oneshot.sysagents.DefaultOneShotAdapter:litaagent_std.litaagent_yr.LitaAgentYR,0,[],0,98,0,0,0,50,0,100,100,100,71,100,29,29,49,2.998858690261841e-07,0,[]
000020251128H1309496249196qBU_LitaAgentY-LitaAgentYR-LitaAgentC0pL.0179e56a,scml.oneshot.sysagents.DefaultOneShotAdapter:scml.oneshot.agents.rand.RandDistOneShotAgent,0,[],0,568,0,0,0,287,0,320,200,320,96,200,224,0,284,6.00004568696022e-07,0,[]
000020251128H1309496249196qBU_LitaAgentY-LitaAgentYR-LitaAgentC0pL.0179e56a,scml.oneshot.sysagents.DefaultOneShotAdapter:litaagent_std.litaagent_y.LitaAgentY,0,[],0,152,0,0,0,77,0,120,0,120,64,0,56,9,76,1.00000761449337e-06,0,[]
000020251128H1309496249196qBU_LitaAgentY-LitaAgentYR-LitaAgentC0pL.0179e56a,System,0,[],0,440,0,0,0,231,0,0,0,0,0,0,0,0,220,4.998873919248581e-07,0,[]
000120251128H130949660922ppJj_LitaAgentY-LitaAgentP-Msj7.052ed619,scml.oneshot.sysagents.DefaultOneShotAdapter:litaagent_std.litaagent_p.LitaAgentP,0,[],0,40,0,0,0,21,0,100,100,100,100,100,0,0,20,9.988434612751007e-08,0,[]
000120251128H130949660922ppJj_LitaAgentY-LitaAgentP-Msj7.052ed619,scml.oneshot.sysagents.DefaultOneShotAdapter:scml.oneshot.agents.rand.EqualDistOneShotAgent,0,[],0,444,0,0,0,225,0,320,200,320,158,200,162,0,222,3.0011869966983795e-07,0,[]
000120251128H130949660922ppJj_LitaAgentY-LitaAgentP-Msj7.052ed619,scml.oneshot.sysagents.DefaultOneShotAdapter:scml_agents.scml2025.oneshot.mat.mat.MATAgent,0,[],0,168,0,0,0,85,0,120,0,120,56,0,64,0,84,8.00006091594696e-07,0,[]
000120251128H130949660922ppJj_LitaAgentY-LitaAgentP-Msj7.052ed619,scml.oneshot.sysagents.DefaultOneShotAdapter:scml.oneshot.agents.greedy.GreedyOneShotAgent,0,[],0,382,0,0,0,193,0,220,100,220,69,100,151,0,191,3.0011869966983795e-07,0,[]
000120251128H130949660922ppJj_LitaAgentY-LitaAgentP-Msj7.052ed619,scml.oneshot.sysagents.DefaultOneShotAdapter:scml.oneshot.agents.rand.RandDistOneShotAgent,0,[],0,502,0,0,0,254,0,340,100,340,149,100,191,0,251,3.0011869966983795e-07,0,[]
000120251128H130949660922ppJj_LitaAgentY-LitaAgentP-Msj7.052ed619,scml.oneshot.sysagents.DefaultOneShotAdapter:litaagent_std.litaagent_y.LitaAgentY,0,[],0,164,0,0,0,83,0,100,100,100,38,100,62,0,82,2.00001522898674e-07,0,[]
000120251128H130949660922ppJj_LitaAgentY-LitaAgentP-Msj7.052ed619,System,0,[],0,440,0,0,0,231,0,0,0,0,0,0,0,0,220,3.0011869966983795e-07,0,[]
000120251128H130949660922ppJj_LitaAgentY-LitaAgentC-M3Zt.0384a426,scml.oneshot.sysagents.DefaultOneShotAdapter:scml.oneshot.agents.rand.EqualDistOneShotAgent,0,[],0,480,0,0,0,243,0,320,200,320,140,200,180,0,240,6.00004568696022e-07,0,[]
000120251128H130949660922ppJj_LitaAgentY-LitaAgentC-M3Zt.0384a426,scml.oneshot.sysagents.DefaultOneShotAdapter:scml_agents.scml2025.oneshot.mat.mat.MATAgent,0,[],0,182,0,0,0,92,0,120,0,120,49,0,71,0,91,8.998904377222061e-07,0,[]
000120251128H130949660922ppJj_LitaAgentY-LitaAgentC-M3Zt.0384a426,scml.oneshot.sysagents.DefaultOneShotAdapter:scml.oneshot.agents.greedy.GreedyOneShotAgent,0,[],0,376,0,0,0,190,0,220,100,220,72,100,148,0,188,5.00120222568512e-07,0,[]
000120251128H130949660922ppJj_LitaAgentY-LitaAgentC-M3Zt.0384a426,scml.oneshot.sysagents.DefaultOneShotAdapter:litaagent_std.litaagent_cir.LitaAgentCIR,0,[],0,40,0,0,0,21,0,100,100,100,100,100,0,0,20,2.00001522898674e-07,0,[]
000120251128H130949660922ppJj_LitaAgentY-LitaAgentC-M3Zt.0384a426,scml.oneshot.sysagents.DefaultOneShotAdapter:scml.oneshot.agents.rand.RandDistOneShotAgent,0,[],0,500,0,0,0,253,0,340,100,340,150,100,190,0,250,6.00004568696022e-07,0,[]
000120251128H130949660922ppJj_LitaAgentY-LitaAgentC-M3Zt.0384a426,scml.oneshot.sysagents.DefaultOneShotAdapter:litaagent_std.litaagent_y.LitaAgentY,0,[],0,170,0,0,0,86,0,100,100,100,35,100,65,0,85,2.00001522898674e-07,0,[]
000120251128H130949660922ppJj_LitaAgentY-LitaAgentC-M3Zt.0384a426,System,0,[],0,440,0,0,0,231,0,0,0,0,0,0,0,0,220,4.00003045797348e-07,0,[]
000020251128H1309496249196qBU_LitaAgentC-LitaAgentN-M8tJ.013974be,scml.oneshot.sysagents.DefaultOneShotAdapter:litaagent_std.litaagent_n.LitaAgentN,0,[],0,40,0,0,0,21,0,100,100,100,100,100,0,0,20,9.988434612751007e-08,0,[]
000020251128H1309496249196qBU_LitaAgentC-LitaAgentN-M8tJ.013974be,scml.oneshot.sysagents.DefaultOneShotAdapter:scml.oneshot.agents.rand.EqualDistOneShotAgent,0,[],0,504,0,0,0,255,0,320,200,320,128,200,192,0,252,3.9977021515369415e-07,0,[]
000020251128H1309496249196qBU_LitaAgentC-LitaAgentN-M8tJ.013974be,scml.oneshot.sysagents.DefaultOneShotAdapter:scml_agents.scml2025.oneshot.mat.mat.MATAgent,0,[],0,168,0,0,0,85,0,120,0,120,56,0,64,0,84,4.998873919248581e-07,0,[]
000020251128H1309496249196qBU_LitaAgentC-LitaAgentN-M8tJ.013974be,scml.oneshot.sysagents.DefaultOneShotAdapter:scml.oneshot.agents.greedy.GreedyOneShotAgent,0,[],0,406,0,0,0,205,0,220,100,220,57,100,163,0,203,4.00003045797348e-07,0,[]
000020251128H1309496249196qBU_LitaAgentC-LitaAgentN-M8tJ.013974be,scml.oneshot.sysagents.DefaultOneShotAdapter:litaagent_std.litaagent_cir.LitaAgentCIR,0,[],0,180,0,0,0,91,0,120,0,120,50,0,70,0,90,2.00001522898674e-07,0,[]
000020251128H1309496249196qBU_LitaAgentC-LitaAgentN-M8tJ.013974be,scml.oneshot.sysagents.DefaultOneShotAdapter:scml.oneshot.agents.rand.RandDistOneShotAgent,0,[],0,510,0,0,0,258,0,320,200,320,125,200,195,0,255,4.002358764410019e-07,0,[]
000020251128H1309496249196qBU_LitaAgentC-LitaAgentN-M8tJ.013974be,System,0,[],0,440,0,0,0,231,0,0,0,0,0,0,0,0,220,2.00001522898674e-07,0,[]
000220251128H130949687433kHMw_LitaAgentC-LitaAgentN-Mtrt.089ddc06,scml.oneshot.sysagents.DefaultOneShotAdapter:litaagent_std.litaagent_n.LitaAgentN,0,[],0,144,0,0,0,73,0,80,0,80,28,0,52,0,72,5.00120222568512e-07,0,[]
000220251128H130949687433kHMw_LitaAgentC-LitaAgentN-Mtrt.089ddc06,scml.oneshot.sysagents.DefaultOneShotAdapter:scml.oneshot.agents.rand.EqualDistOneShotAgent,0,[],0,118,0,0,0,60,0,80,0,80,41,0,39,0,59,9.988434612751007e-08,0,[]
000220251128H130949687433kHMw_LitaAgentC-LitaAgentN-Mtrt.089ddc06,scml.oneshot.sysagents.DefaultOneShotAdapter:scml_agents.scml2025.oneshot.mat.mat.MATAgent,0,[],0,144,0,0,0,73,0,80,0,80,28,0,52,0,72,2.00001522898674e-07,0,[]
000220251128H130949687433kHMw_LitaAgentC-LitaAgentN-Mtrt.089ddc06,scml.oneshot.sysagents.DefaultOneShotAdapter:scml.oneshot.agents.greedy.GreedyOneShotAgent,0,[],0,334,0,0,0,169,0,160,80,160,33,80,127,0,167,4.00003045797348e-07,0,[]
000220251128H130949687433kHMw_LitaAgentC-LitaAgentN-Mtrt.089ddc06,scml.oneshot.sysagents.DefaultOneShotAdapter:litaagent_std.litaagent_cir.LitaAgentCIR,0,[],0,40,0,0,0,21,0,80,80,80,80,80,0,0,20,1.0011717677116394e-07,0,[]
000220251128H130949687433kHMw_LitaAgentC-LitaAgentN-Mtrt.089ddc06,scml.oneshot.sysagents.DefaultOneShotAdapter:scml.oneshot.agents.rand.RandDistOneShotAgent,0,[],0,304,0,0,0,154,0,160,160,160,48,160,112,0,152,2.00001522898674e-07,0,[]
000220251128H130949687433kHMw_LitaAgentC-LitaAgentN-Mtrt.089ddc06,System,0,[],0,320,0,0,0,168,0,0,0,0,0,0,0,0,160,3.0011869966983795e-07,0,[]
000120251128H130949660922ppJj_LitaAgentY-LitaAgentC-M3Zt.04f054d3,scml.oneshot.sysagents.DefaultOneShotAdapter:scml.oneshot.agents.rand.EqualDistOneShotAgent,0,[],0,518,0,0,0,262,0,320,200,320,121,200,199,0,259,6.00004568696022e-07,0,[]
000120251128H130949660922ppJj_LitaAgentY-LitaAgentC-M3Zt.04f054d3,scml.oneshot.sysagents.DefaultOneShotAdapter:scml_agents.scml2025.oneshot.mat.mat.MATAgent,0,[],0,148,0,0,0,75,0,100,100,100,46,100,54,0,74,2.00001522898674e-07,0,[]
000120251128H130949660922ppJj_LitaAgentY-LitaAgentC-M3Zt.04f054d3,scml.oneshot.sysagents.DefaultOneShotAdapter:scml.oneshot.agents.greedy.GreedyOneShotAgent,0,[],0,406,0,0,0,205,0,220,100,220,57,100,163,0,203,4.998873919248581e-07,0,[]
000120251128H130949660922ppJj_LitaAgentY-LitaAgentC-M3Zt.04f054d3,scml.oneshot.sysagents.DefaultOneShotAdapter:litaagent_std.litaagent_cir.LitaAgentCIR,0,[],0,168,0,0,0,85,0,120,0,120,56,0,64,0,84,6.00004568696022e-07,0,[]
000120251128H130949660922ppJj_LitaAgentY-LitaAgentC-M3Zt.04f054d3,scml.oneshot.sysagents.DefaultOneShotAdapter:scml.oneshot.agents.rand.RandDistOneShotAgent,0,[],0,558,0,0,0,282,0,340,100,340,121,100,219,0,279,6.00004568696022e-07,0,[]
000120251128H130949660922ppJj_LitaAgentY-LitaAgentC-M3Zt.04f054d3,scml.oneshot.sysagents.DefaultOneShotAdapter:litaagent_std.litaagent_y.LitaAgentY,0,[],0,138,0,0,0,70,0,100,100,100,51,100,49,0,69,2.00001522898674e-07,0,[]
000120251128H130949660922ppJj_LitaAgentY-LitaAgentC-M3Zt.04f054d3,System,0,[],0,440,0,0,0,231,0,0,0,0,0,0,0,0,220,3.0011869966983795e-07,0,[]
000120251128H130949660922ppJj_LitaAgentY-LitaAgentYR-LitaAgentCrqf.03939bab,scml.oneshot.sysagents.DefaultOneShotAdapter:scml.oneshot.agents.rand.EqualDistOneShotAgent,0,[],0,492,0,0,0,249,0,320,200,320,134,200,186,1,246,5.00120222568512e-07,0,[]
000120251128H130949660922ppJj_LitaAgentY-LitaAgentYR-LitaAgentCrqf.03939bab,scml.oneshot.sysagents.DefaultOneShotAdapter:scml.oneshot.agents.greedy.GreedyOneShotAgent,0,[],0,368,0,0,0,186,0,220,100,220,76,100,144,15,184,6.00004568696022e-07,0,[]
000120251128H130949660922ppJj_LitaAgentY-LitaAgentYR-LitaAgentCrqf.03939bab,scml.oneshot.sysagents.DefaultOneShotAdapter:litaagent_std.litaagent_cir.LitaAgentCIR,0,[],0,144,0,0,0,73,0,120,0,120,68,0,52,15,72,8.998904377222061e-07,0,[]
000120251128H130949660922ppJj_LitaAgentY-LitaAgentYR-LitaAgentCrqf.03939bab,scml.oneshot.sysagents.DefaultOneShotAdapter:litaagent_std.litaagent_yr.LitaAgentYR,0,[],0,130,0,0,0,66,0,100,100,100,55,100,45,31,65,1.0011717677116394e-07,0,[]
000120251128H130949660922ppJj_LitaAgentY-LitaAgentYR-LitaAgentCrqf.03939bab,scml.oneshot.sysagents.DefaultOneShotAdapter:scml.oneshot.agents.rand.RandDistOneShotAgent,0,[],0,558,0,0,0,282,0,340,100,340,121,100,219,0,279,5.00120222568512e-07,0,[]
000120251128H130949660922ppJj_LitaAgentY-LitaAgentYR-LitaAgentCrqf.03939bab,scml.oneshot.sysagents.DefaultOneShotAdapter:litaagent_std.litaagent_y.LitaAgentY,0,[],0,108,0,0,0,55,0,100,100,100,66,100,34,0,54,1.0011717677116394e-07,0,[]
000120251128H130949660922ppJj_LitaAgentY-LitaAgentYR-LitaAgentCrqf.03939bab,System,0,[],0,440,0,0,0,231,0,0,0,0,0,0,0,0,220,3.0011869966983795e-07,0,[]
000120251128H130949660922ppJj_LitaAgentY-LitaAgentN-LitaAgentPVaS.04878cbc,scml.oneshot.sysagents.DefaultOneShotAdapter:litaagent_std.litaagent_p.LitaAgentP,0,[],0,40,0,0,0,21,0,100,100,100,100,100,0,0,20,2.00001522898674e-07,0,[]
000120251128H130949660922ppJj_LitaAgentY-LitaAgentN-LitaAgentPVaS.04878cbc,scml.oneshot.sysagents.DefaultOneShotAdapter:litaagent_std.litaagent_n.LitaAgentN,0,[],0,40,0,0,0,21,0,100,100,100,100,100,0,0,20,2.00001522898674e-07,0,[]
000120251128H130949660922ppJj_LitaAgentY-LitaAgentN-LitaAgentPVaS.04878cbc,scml.oneshot.sysagents.DefaultOneShotAdapter:scml.oneshot.agents.rand.EqualDistOneShotAgent,0,[],0,410,0,0,0,208,0,320,200,320,175,200,145,0,205,6.002373993396759e-07,0,[]
000120251128H130949660922ppJj_LitaAgentY-LitaAgentN-LitaAgentPVaS.04878cbc,scml.oneshot.sysagents.DefaultOneShotAdapter:scml.oneshot.agents.greedy.GreedyOneShotAgent,0,[],0,384,0,0,0,194,0,220,100,220,68,100,152,0,192,4.998873919248581e-07,0,[]
000120251128H130949660922ppJj_LitaAgentY-LitaAgentN-LitaAgentPVaS.04878cbc,scml.oneshot.sysagents.DefaultOneShotAdapter:litaagent_std.litaagent_yr.LitaAgentYR,0,[],0,116,0,0,0,59,0,120,0,120,82,0,38,1,58,1.00000761449337e-06,0,[]
000120251128H130949660922ppJj_LitaAgentY-LitaAgentN-LitaAgentPVaS.04878cbc,scml.oneshot.sysagents.DefaultOneShotAdapter:scml.oneshot.agents.rand.RandDistOneShotAgent,0,[],0,434,0,0,0,220,0,340,100,340,183,100,157,1,217,7.00121745467186e-07,0,[]
000120251128H130949660922ppJj_LitaAgentY-LitaAgentN-LitaAgentPVaS.04878cbc,System,0,[],0,440,0,0,0,231,0,0,0,0,0,0,0,0,220,4.00003045797348e-07,0,[]
000020251128H1309496249196qBU_LitaAgentY-LitaAgentC-LitaAgentNYvl.02b39ba8,scml.oneshot.sysagents.DefaultOneShotAdapter:litaagent_std.litaagent_n.LitaAgentN,0,[],0,40,0,0,0,21,0,100,100,100,100,100,0,0,20,1.0011717677116394e-07,0,[]
000020251128H1309496249196qBU_LitaAgentY-LitaAgentC-LitaAgentNYvl.02b39ba8,scml.oneshot.sysagents.DefaultOneShotAdapter:scml.oneshot.agents.rand.EqualDistOneShotAgent,0,[],0,470,0,0,0,238,0,320,200,320,145,200,175,0,235,3.0011869966983795e-07,0,[]
000020251128H1309496249196qBU_LitaAgentY-LitaAgentC-LitaAgentNYvl.02b39ba8,scml.oneshot.sysagents.DefaultOneShotAdapter:scml.oneshot.agents.greedy.GreedyOneShotAgent,0,[],0,410,0,0,0,207,0,220,100,220,55,100,165,0,205,2.00001522898674e-07,0,[]
000020251128H1309496249196qBU_LitaAgentY-LitaAgentC-LitaAgentNYvl.02b39ba8,scml.oneshot.sysagents.DefaultOneShotAdapter:litaagent_std.litaagent_cir.LitaAgentCIR,0,[],0,192,0,0,0,97,0,120,0,120,44,0,76,0,96,2.00001522898674e-07,0,[]
000020251128H1309496249196qBU_LitaAgentY-LitaAgentC-LitaAgentNYvl.02b39ba8,scml.oneshot.sysagents.DefaultOneShotAdapter:litaagent_std.litaagent_yr.LitaAgentYR,0,[],0,142,0,0,0,72,0,120,0,120,69,0,51,0,71,6.998889148235321e-07,0,[]
000020251128H1309496249196qBU_LitaAgentY-LitaAgentC-LitaAgentNYvl.02b39ba8,scml.oneshot.sysagents.DefaultOneShotAdapter:scml.oneshot.agents.rand.RandDistOneShotAgent,0,[],0,514,0,0,0,260,0,320,200,320,123,200,197,0,257,4.002358764410019e-07,0,[]
000020251128H1309496249196qBU_LitaAgentY-LitaAgentC-LitaAgentNYvl.02b39ba8,System,0,[],0,440,0,0,0,231,0,0,0,0,0,0,0,0,220,4.998873919248581e-07,0,[]
000020251128H1309496249196qBU_LitaAgentY-LitaAgentN-MzwR.01eb2465,scml.oneshot.sysagents.DefaultOneShotAdapter:litaagent_std.litaagent_n.LitaAgentN,0,[],0,40,0,0,0,21,0,100,100,100,100,100,0,0,20,2.00001522898674e-07,0,[]
000020251128H1309496249196qBU_LitaAgentY-LitaAgentN-MzwR.01eb2465,scml.oneshot.sysagents.DefaultOneShotAdapter:scml.oneshot.agents.rand.EqualDistOneShotAgent,0,[],0,442,0,0,0,224,0,320,200,320,159,200,161,0,221,8.002389222383499e-07,0,[]
000020251128H1309496249196qBU_LitaAgentY-LitaAgentN-MzwR.01eb2465,scml.oneshot.sysagents.DefaultOneShotAdapter:scml_agents.scml2025.oneshot.mat.mat.MATAgent,0,[],0,178,0,0,0,90,0,120,0,120,51,0,69,0,89,2.00001522898674e-07,0,[]
000020251128H1309496249196qBU_LitaAgentY-LitaAgentN-MzwR.01eb2465,scml.oneshot.sysagents.DefaultOneShotAdapter:scml.oneshot.agents.greedy.GreedyOneShotAgent,0,[],0,406,0,0,0,205,0,220,100,220,57,100,163,0,203,4.00003045797348e-07,0,[]
000020251128H1309496249196qBU_LitaAgentY-LitaAgentN-MzwR.01eb2465,scml.oneshot.sysagents.DefaultOneShotAdapter:scml.oneshot.agents.rand.RandDistOneShotAgent,0,[],0,494,0,0,0,250,0,320,200,320,133,200,187,0,247,8.002389222383499e-07,0,[]
000020251128H1309496249196qBU_LitaAgentY-LitaAgentN-MzwR.01eb2465,scml.oneshot.sysagents.DefaultOneShotAdapter:litaagent_std.litaagent_y.LitaAgentY,0,[],0,124,0,0,0,63,0,120,0,120,78,0,42,0,62,9.0012326836586e-07,0,[]
000020251128H1309496249196qBU_LitaAgentY-LitaAgentN-MzwR.01eb2465,System,0,[],0,440,0,0,0,231,0,0,0,0,0,0,0,0,220,6.00004568696022e-07,0,[]
000020251128H1309496249196qBU_LitaAgentC-LitaAgentP-Mdvv.00e97f31,scml.oneshot.sysagents.DefaultOneShotAdapter:litaagent_std.litaagent_p.LitaAgentP,0,[],0,40,0,0,0,21,0,120,0,120,120,0,0,0,20,8.00006091594696e-07,0,[]
000020251128H1309496249196qBU_LitaAgentC-LitaAgentP-Mdvv.00e97f31,scml.oneshot.sysagents.DefaultOneShotAdapter:scml.oneshot.agents.rand.EqualDistOneShotAgent,0,[],0,426,0,0,0,216,0,320,200,320,167,200,153,0,213,3.0011869966983795e-07,0,[]
000020251128H1309496249196qBU_LitaAgentC-LitaAgentP-Mdvv.00e97f31,scml.oneshot.sysagents.DefaultOneShotAdapter:scml_agents.scml2025.oneshot.mat.mat.MATAgent,0,[],0,156,0,0,0,79,0,120,0,120,62,0,58,0,78,2.00001522898674e-07,0,[]
000020251128H1309496249196qBU_LitaAgentC-LitaAgentP-Mdvv.00e97f31,scml.oneshot.sysagents.DefaultOneShotAdapter:scml.oneshot.agents.greedy.GreedyOneShotAgent,0,[],0,384,0,0,0,194,0,220,100,220,68,100,152,0,192,3.0011869966983795e-07,0,[]
000020251128H1309496249196qBU_LitaAgentC-LitaAgentP-Mdvv.00e97f31,scml.oneshot.sysagents.DefaultOneShotAdapter:litaagent_std.litaagent_cir.LitaAgentCIR,0,[],0,40,0,0,0,21,0,100,100,100,100,100,0,0,20,2.00001522898674e-07,0,[]
000020251128H1309496249196qBU_LitaAgentC-LitaAgentP-Mdvv.00e97f31,scml.oneshot.sysagents.DefaultOneShotAdapter:scml.oneshot.agents.rand.RandDistOneShotAgent,0,[],0,462,0,0,0,234,0,320,200,320,149,200,171,0,231,5.00120222568512e-07,0,[]
000020251128H1309496249196qBU_LitaAgentC-LitaAgentP-Mdvv.00e97f31,System,0,[],0,440,0,0,0,231,0,0,0,0,0,0,0,0,220,2.0023435354232788e-07,0,[]
000120251128H130949660922ppJj_LitaAgentY-LitaAgentC-LitaAgentPYEh.05c81f8b,scml.oneshot.sysagents.DefaultOneShotAdapter:litaagent_std.litaagent_p.LitaAgentP,0,[],0,40,0,0,0,21,0,120,0,120,120,0,0,0,20,6.998889148235321e-07,0,[]
000120251128H130949660922ppJj_LitaAgentY-LitaAgentC-LitaAgentPYEh.05c81f8b,scml.oneshot.sysagents.DefaultOneShotAdapter:scml.oneshot.agents.rand.EqualDistOneShotAgent,0,[],0,412,0,0,0,209,0,320,200,320,174,200,146,1,206,4.998873919248581e-07,0,[]
000120251128H130949660922ppJj_LitaAgentY-LitaAgentC-LitaAgentPYEh.05c81f8b,scml.oneshot.sysagents.DefaultOneShotAdapter:scml.oneshot.agents.greedy.GreedyOneShotAgent,0,[],0,330,0,0,0,167,0,220,100,220,95,100,125,13,165,4.00003045797348e-07,0,[]
000120251128H130949660922ppJj_LitaAgentY-LitaAgentC-LitaAgentPYEh.05c81f8b,scml.oneshot.sysagents.DefaultOneShotAdapter:litaagent_std.litaagent_cir.LitaAgentCIR,0,[],0,40,0,0,0,21,0,100,100,100,100,100,0,0,20,2.00001522898674e-07,0,[]
000120251128H130949660922ppJj_LitaAgentY-LitaAgentC-LitaAgentPYEh.05c81f8b,scml.oneshot.sysagents.DefaultOneShotAdapter:litaagent_std.litaagent_yr.LitaAgentYR,0,[],0,120,0,0,0,61,0,100,100,100,60,100,40,15,60,2.00001522898674e-07,0,[]
000120251128H130949660922ppJj_LitaAgentY-LitaAgentC-LitaAgentPYEh.05c81f8b,scml.oneshot.sysagents.DefaultOneShotAdapter:scml.oneshot.agents.rand.RandDistOneShotAgent,0,[],0,486,0,0,0,246,0,340,100,340,157,100,183,1,243,4.00003045797348e-07,0,[]
000120251128H130949660922ppJj_LitaAgentY-LitaAgentC-LitaAgentPYEh.05c81f8b,System,0,[],0,440,0,0,0,231,0,0,0,0,0,0,0,0,220,2.998858690261841e-07,0,[]
000120251128H130949660922ppJj_LitaAgentY-LitaAgentC-Ma3H.03a3c3c6,scml.oneshot.sysagents.DefaultOneShotAdapter:scml.oneshot.agents.rand.EqualDistOneShotAgent,0,[],0,518,0,0,0,262,0,320,200,320,121,200,199,0,259,6.00004568696022e-07,0,[]
000120251128H130949660922ppJj_LitaAgentY-LitaAgentC-Ma3H.03a3c3c6,scml.oneshot.sysagents.DefaultOneShotAdapter:scml_agents.scml2025.oneshot.mat.mat.MATAgent,0,[],0,144,0,0,0,73,0,100,100,100,48,100,52,0,72,2.00001522898674e-07,0,[]
000120251128H130949660922ppJj_LitaAgentY-LitaAgentC-Ma3H.03a3c3c6,scml.oneshot.sysagents.DefaultOneShotAdapter:scml.oneshot.agents.greedy.GreedyOneShotAgent,0,[],0,358,0,0,0,181,0,220,100,220,81,100,139,15,179,4.00003045797348e-07,0,[]
000120251128H130949660922ppJj_LitaAgentY-LitaAgentC-Ma3H.03a3c3c6,scml.oneshot.sysagents.DefaultOneShotAdapter:litaagent_std.litaagent_cir.LitaAgentCIR,0,[],0,166,0,0,0,84,0,120,0,120,57,0,63,15,83,1.00000761449337e-06,0,[]
000120251128H130949660922ppJj_LitaAgentY-LitaAgentC-Ma3H.03a3c3c6,scml.oneshot.sysagents.DefaultOneShotAdapter:litaagent_std.litaagent_yr.LitaAgentYR,0,[],0,136,0,0,0,69,0,100,100,100,52,100,48,30,68,2.00001522898674e-07,0,[]
000120251128H130949660922ppJj_LitaAgentY-LitaAgentC-Ma3H.03a3c3c6,scml.oneshot.sysagents.DefaultOneShotAdapter:scml.oneshot.agents.rand.RandDistOneShotAgent,0,[],0,542,0,0,0,274,0,340,100,340,129,100,211,0,271,6.00004568696022e-07,0,[]
000120251128H130949660922ppJj_LitaAgentY-LitaAgentC-Ma3H.03a3c3c6,System,0,[],0,440,0,0,0,231,0,0,0,0,0,0,0,0,220,3.0011869966983795e-07,0,[]
000120251128H130949660922ppJj_LitaAgentY-LitaAgentC-Ma3H.04aaa764,scml.oneshot.sysagents.DefaultOneShotAdapter:scml.oneshot.agents.rand.EqualDistOneShotAgent,0,[],0,494,0,0,0,250,0,320,200,320,132,200,187,0,247,3.9977021515369415e-07,0,[]
000120251128H130949660922ppJj_LitaAgentY-LitaAgentC-Ma3H.04aaa764,scml.oneshot.sysagents.DefaultOneShotAdapter:scml_agents.scml2025.oneshot.mat.mat.MATAgent,0,[],0,144,0,0,0,73,0,100,100,100,48,100,52,0,72,1.0011717677116394e-07,0,[]
000120251128H130949660922ppJj_LitaAgentY-LitaAgentC-Ma3H.04aaa764,scml.oneshot.sysagents.DefaultOneShotAdapter:scml.oneshot.agents.greedy.GreedyOneShotAgent,0,[],0,380,0,0,0,192,0,220,100,220,70,100,150,0,190,3.0011869966983795e-07,0,[]
000120251128H130949660922ppJj_LitaAgentY-LitaAgentC-Ma3H.04aaa764,scml.oneshot.sysagents.DefaultOneShotAdapter:litaagent_std.litaagent_cir.LitaAgentCIR,0,[],0,40,0,0,0,21,0,100,100,100,100,100,0,0,20,2.00001522898674e-07,0,[]
000120251128H130949660922ppJj_LitaAgentY-LitaAgentC-Ma3H.04aaa764,scml.oneshot.sysagents.DefaultOneShotAdapter:litaagent_std.litaagent_yr.LitaAgentYR,0,[],0,140,0,0,0,71,0,120,0,120,69,0,50,0,70,6.00004568696022e-07,0,[]
000120251128H130949660922ppJj_LitaAgentY-LitaAgentC-Ma3H.04aaa764,scml.oneshot.sysagents.DefaultOneShotAdapter:scml.oneshot.agents.rand.RandDistOneShotAgent,0,[],0,522,0,0,0,264,0,340,100,340,139,100,201,0,261,3.9977021515369415e-07,0,[]
000120251128H130949660922ppJj_LitaAgentY-LitaAgentC-Ma3H.04aaa764,System,0,[],0,440,0,0,0,231,0,0,0,0,0,0,0,0,220,1.9976869225502014e-07,0,[]
000020251128H1309496249196qBU_LitaAgentC-LitaAgentN-M8tJ.004cfc71,scml.oneshot.sysagents.DefaultOneShotAdapter:litaagent_std.litaagent_n.LitaAgentN,0,[],0,210,0,0,0,106,0,120,0,120,35,0,85,0,105,6.998889148235321e-07,0,[]
000020251128H1309496249196qBU_LitaAgentC-LitaAgentN-M8tJ.004cfc71,scml.oneshot.sysagents.DefaultOneShotAdapter:scml.oneshot.agents.rand.EqualDistOneShotAgent,0,[],0,494,0,0,0,250,0,320,200,320,133,200,187,0,247,3.9977021515369415e-07,0,[]
000020251128H1309496249196qBU_LitaAgentC-LitaAgentN-M8tJ.004cfc71,scml.oneshot.sysagents.DefaultOneShotAdapter:scml_agents.scml2025.oneshot.mat.mat.MATAgent,0,[],0,180,0,0,0,91,0,120,0,120,50,0,70,0,90,2.00001522898674e-07,0,[]
000020251128H1309496249196qBU_LitaAgentC-LitaAgentN-M8tJ.004cfc71,scml.oneshot.sysagents.DefaultOneShotAdapter:scml.oneshot.agents.greedy.GreedyOneShotAgent,0,[],0,382,0,0,0,193,0,220,100,220,69,100,151,0,191,2.998858690261841e-07,0,[]
000020251128H1309496249196qBU_LitaAgentC-LitaAgentN-M8tJ.004cfc71,scml.oneshot.sysagents.DefaultOneShotAdapter:litaagent_std.litaagent_cir.LitaAgentCIR,0,[],0,40,0,0,0,21,0,100,100,100,100,100,0,0,20,1.0011717677116394e-07,0,[]
000020251128H1309496249196qBU_LitaAgentC-LitaAgentN-M8tJ.004cfc71,scml.oneshot.sysagents.DefaultOneShotAdapter:scml.oneshot.agents.rand.RandDistOneShotAgent,0,[],0,502,0,0,0,254,0,320,200,320,129,200,191,0,251,4.00003045797348e-07,0,[]
000020251128H1309496249196qBU_LitaAgentC-LitaAgentN-M8tJ.004cfc71,System,0,[],0,440,0,0,0,231,0,0,0,0,0,0,0,0,220,2.998858690261841e-07,0,[]
000020251128H1309496249196qBU_LitaAgentN-LitaAgentP-MG1B.0108c939,scml.oneshot.sysagents.DefaultOneShotAdapter:litaagent_std.litaagent_p.LitaAgentP,0,[],0,40,0,0,0,21,0,120,0,120,120,0,0,0,20,9.988434612751007e-08,0,[]
000020251128H1309496249196qBU_LitaAgentN-LitaAgentP-MG1B.0108c939,scml.oneshot.sysagents.DefaultOneShotAdapter:litaagent_std.litaagent_n.LitaAgentN,0,[],0,40,0,0,0,21,0,100,100,100,100,100,0,0,20,9.988434612751007e-08,0,[]
000020251128H1309496249196qBU_LitaAgentN-LitaAgentP-MG1B.0108c939,scml.oneshot.sysagents.DefaultOneShotAdapter:scml.oneshot.agents.rand.EqualDistOneShotAgent,0,[],0,448,0,0,0,227,0,320,200,320,156,200,164,0,224,3.0011869966983795e-07,0,[]
000020251128H1309496249196qBU_LitaAgentN-LitaAgentP-MG1B.0108c939,scml.oneshot.sysagents.DefaultOneShotAdapter:scml_agents.scml2025.oneshot.mat.mat.MATAgent,0,[],0,176,0,0,0,89,0,120,0,120,52,0,68,0,88,8.00006091594696e-07,0,[]
000020251128H1309496249196qBU_LitaAgentN-LitaAgentP-MG1B.0108c939,scml.oneshot.sysagents.DefaultOneShotAdapter:scml.oneshot.agents.greedy.GreedyOneShotAgent,0,[],0,376,0,0,0,190,0,220,100,220,72,100,148,0,188,2.0023435354232788e-07,0,[]
000020251128H1309496249196qBU_LitaAgentN-LitaAgentP-MG1B.0108c939,scml.oneshot.sysagents.DefaultOneShotAdapter:scml.oneshot.agents.rand.RandDistOneShotAgent,0,[],0,488,0,0,0,247,0,320,200,320,136,200,184,0,244,3.9977021515369415e-07,0,[]
000020251128H1309496249196qBU_LitaAgentN-LitaAgentP-MG1B.0108c939,System,0,[],0,440,0,0,0,231,0,0,0,0,0,0,0,0,220,4.00003045797348e-07,0,[]
000020251128H1309496249196qBU_LitaAgentY-LitaAgentP-Mxu7.01b1e7f6,scml.oneshot.sysagents.DefaultOneShotAdapter:litaagent_std.litaagent_p.LitaAgentP,0,[],0,40,0,0,0,21,0,120,0,120,120,0,0,0,20,2.00001522898674e-07,0,[]
000020251128H1309496249196qBU_LitaAgentY-LitaAgentP-Mxu7.01b1e7f6,scml.oneshot.sysagents.DefaultOneShotAdapter:scml.oneshot.agents.rand.EqualDistOneShotAgent,0,[],0,470,0,0,0,238,0,320,200,320,145,200,175,0,235,6.00004568696022e-07,0,[]
000020251128H1309496249196qBU_LitaAgentY-LitaAgentP-Mxu7.01b1e7f6,scml.oneshot.sysagents.DefaultOneShotAdapter:scml_agents.scml2025.oneshot.mat.mat.MATAgent,0,[],0,176,0,0,0,89,0,120,0,120,52,0,68,3,88,9.0012326836586e-07,0,[]
000020251128H1309496249196qBU_LitaAgentY-LitaAgentP-Mxu7.01b1e7f6,scml.oneshot.sysagents.DefaultOneShotAdapter:scml.oneshot.agents.greedy.GreedyOneShotAgent,0,[],0,330,0,0,0,167,0,220,100,220,95,100,125,14,165,4.00003045797348e-07,0,[]
000020251128H1309496249196qBU_LitaAgentY-LitaAgentP-Mxu7.01b1e7f6,scml.oneshot.sysagents.DefaultOneShotAdapter:litaagent_std.litaagent_yr.LitaAgentYR,0,[],0,124,0,0,0,63,0,100,100,100,58,100,42,17,62,2.00001522898674e-07,0,[]
000020251128H1309496249196qBU_LitaAgentY-LitaAgentP-Mxu7.01b1e7f6,scml.oneshot.sysagents.DefaultOneShotAdapter:scml.oneshot.agents.rand.RandDistOneShotAgent,0,[],0,500,0,0,0,253,0,320,200,320,130,200,190,0,250,6.998889148235321e-07,0,[]
000020251128H1309496249196qBU_LitaAgentY-LitaAgentP-Mxu7.01b1e7f6,System,0,[],0,440,0,0,0,231,0,0,0,0,0,0,0,0,220,2.998858690261841e-07,0,[]
000120251128H130949660922ppJj_LitaAgentY-LitaAgentN-MAuw.05f8e08b,scml.oneshot.sysagents.DefaultOneShotAdapter:litaagent_std.litaagent_n.LitaAgentN,0,[],0,196,0,0,0,99,0,120,0,120,42,0,78,0,98,1.00000761449337e-06,0,[]
000120251128H130949660922ppJj_LitaAgentY-LitaAgentN-MAuw.05f8e08b,scml.oneshot.sysagents.DefaultOneShotAdapter:scml.oneshot.agents.rand.EqualDistOneShotAgent,0,[],0,504,0,0,0,255,0,320,200,320,128,200,192,0,252,9.0012326836586e-07,0,[]
000120251128H130949660922ppJj_LitaAgentY-LitaAgentN-MAuw.05f8e08b,scml.oneshot.sysagents.DefaultOneShotAdapter:scml_agents.scml2025.oneshot.mat.mat.MATAgent,0,[],0,158,0,0,0,80,0,100,100,100,41,100,59,0,79,3.0011869966983795e-07,0,[]
000120251128H130949660922ppJj_LitaAgentY-LitaAgentN-MAuw.05f8e08b,scml.oneshot.sysagents.DefaultOneShotAdapter:scml.oneshot.agents.greedy.GreedyOneShotAgent,0,[],0,364,0,0,0,184,0,220,100,220,78,100,142,0,182,4.998873919248581e-07,0,[]
000120251128H130949660922ppJj_LitaAgentY-LitaAgentN-MAuw.05f8e08b,scml.oneshot.sysagents.DefaultOneShotAdapter:scml.oneshot.agents.rand.RandDistOneShotAgent,0,[],0,544,0,0,0,275,0,340,100,340,128,100,212,0,272,6.00004568696022e-07,0,[]
000120251128H130949660922ppJj_LitaAgentY-LitaAgentN-MAuw.05f8e08b,scml.oneshot.sysagents.DefaultOneShotAdapter:litaagent_std.litaagent_y.LitaAgentY,0,[],0,146,0,0,0,74,0,100,100,100,47,100,53,0,73,3.0011869966983795e-07,0,[]
000120251128H130949660922ppJj_LitaAgentY-LitaAgentN-MAuw.05f8e08b,System,0,[],0,440,0,0,0,231,0,0,0,0,0,0,0,0,220,5.00120222568512e-07,0,[]
000020251128H1309496249196qBU_LitaAgentY-LitaAgentN-MfyS.005667d4,scml.oneshot.sysagents.DefaultOneShotAdapter:litaagent_std.litaagent_n.LitaAgentN,0,[],0,40,0,0,0,21,0,100,100,100,100,100,0,0,20,3.0011869966983795e-07,0,[]
000020251128H1309496249196qBU_LitaAgentY-LitaAgentN-MfyS.005667d4,scml.oneshot.sysagents.DefaultOneShotAdapter:scml.oneshot.agents.rand.EqualDistOneShotAgent,0,[],0,460,0,0,0,233,0,320,200,320,149,200,170,0,230,8.002389222383499e-07,0,[]
000020251128H1309496249196qBU_LitaAgentY-LitaAgentN-MfyS.005667d4,scml.oneshot.sysagents.DefaultOneShotAdapter:scml_agents.scml2025.oneshot.mat.mat.MATAgent,0,[],0,172,0,0,0,87,0,120,0,120,54,0,66,0,86,2.00001522898674e-07,0,[]
000020251128H1309496249196qBU_LitaAgentY-LitaAgentN-MfyS.005667d4,scml.oneshot.sysagents.DefaultOneShotAdapter:scml.oneshot.agents.greedy.GreedyOneShotAgent,0,[],0,398,0,0,0,201,0,220,100,220,61,100,159,0,199,4.998873919248581e-07,0,[]
000020251128H1309496249196qBU_LitaAgentY-LitaAgentN-MfyS.005667d4,scml.oneshot.sysagents.DefaultOneShotAdapter:litaagent_std.litaagent_yr.LitaAgentYR,0,[],0,128,0,0,0,65,0,120,0,120,75,0,44,0,64,8.00006091594696e-07,0,[]
000020251128H1309496249196qBU_LitaAgentY-LitaAgentN-MfyS.005667d4,scml.oneshot.sysagents.DefaultOneShotAdapter:scml.oneshot.agents.rand.RandDistOneShotAgent,0,[],0,474,0,0,0,240,0,320,200,320,143,200,177,0,237,6.00004568696022e-07,0,[]
000020251128H1309496249196qBU_LitaAgentY-LitaAgentN-MfyS.005667d4,System,0,[],0,440,0,0,0,231,0,0,0,0,0,0,0,0,220,4.00003045797348e-07,0,[]
000020251128H1309496249196qBU_LitaAgentY-LitaAgentC-LitaAgentNYvl.010b0b27,scml.oneshot.sysagents.DefaultOneShotAdapter:litaagent_std.litaagent_n.LitaAgentN,0,[],0,184,0,0,0,93,0,120,0,120,48,0,72,4,92,3.0011869966983795e-07,0,[]
000020251128H1309496249196qBU_LitaAgentY-LitaAgentC-LitaAgentNYvl.010b0b27,scml.oneshot.sysagents.DefaultOneShotAdapter:scml.oneshot.agents.rand.EqualDistOneShotAgent,0,[],0,504,0,0,0,255,0,320,200,320,128,200,192,0,252,7.00121745467186e-07,0,[]
000020251128H1309496249196qBU_LitaAgentY-LitaAgentC-LitaAgentNYvl.010b0b27,scml.oneshot.sysagents.DefaultOneShotAdapter:scml.oneshot.agents.greedy.GreedyOneShotAgent,0,[],0,380,0,0,0,192,0,220,100,220,70,100,150,14,190,4.00003045797348e-07,0,[]
000020251128H1309496249196qBU_LitaAgentY-LitaAgentC-LitaAgentNYvl.010b0b27,scml.oneshot.sysagents.DefaultOneShotAdapter:litaagent_std.litaagent_cir.LitaAgentCIR,0,[],0,186,0,0,0,94,0,120,0,120,47,0,73,14,93,8.00006091594696e-07,0,[]
000020251128H1309496249196qBU_LitaAgentY-LitaAgentC-LitaAgentNYvl.010b0b27,scml.oneshot.sysagents.DefaultOneShotAdapter:litaagent_std.litaagent_yr.LitaAgentYR,0,[],0,116,0,0,0,59,0,100,100,100,62,100,38,33,58,2.00001522898674e-07,0,[]
000020251128H1309496249196qBU_LitaAgentY-LitaAgentC-LitaAgentNYvl.010b0b27,scml.oneshot.sysagents.DefaultOneShotAdapter:scml.oneshot.agents.rand.RandDistOneShotAgent,0,[],0,554,0,0,0,280,0,320,200,320,103,200,217,1,277,6.998889148235321e-07,0,[]
000020251128H1309496249196qBU_LitaAgentY-LitaAgentC-LitaAgentNYvl.010b0b27,System,0,[],0,440,0,0,0,231,0,0,0,0,0,0,0,0,220,4.00003045797348e-07,0,[]
000120251128H130949660922ppJj_LitaAgentY-LitaAgentN-LitaAgentPVaS.05c0f1fa,scml.oneshot.sysagents.DefaultOneShotAdapter:litaagent_std.litaagent_p.LitaAgentP,0,[],0,40,0,0,0,21,0,120,0,120,120,0,0,0,20,6.00004568696022e-07,0,[]
000120251128H130949660922ppJj_LitaAgentY-LitaAgentN-LitaAgentPVaS.05c0f1fa,scml.oneshot.sysagents.DefaultOneShotAdapter:litaagent_std.litaagent_n.LitaAgentN,0,[],0,40,0,0,0,21,0,100,100,100,100,100,0,0,20,9.988434612751007e-08,0,[]
000120251128H130949660922ppJj_LitaAgentY-LitaAgentN-LitaAgentPVaS.05c0f1fa,scml.oneshot.sysagents.DefaultOneShotAdapter:scml.oneshot.agents.rand.EqualDistOneShotAgent,0,[],0,440,0,0,0,223,0,320,200,320,160,200,160,1,220,4.998873919248581e-07,0,[]
000120251128H130949660922ppJj_LitaAgentY-LitaAgentN-LitaAgentPVaS.05c0f1fa,scml.oneshot.sysagents.DefaultOneShotAdapter:scml.oneshot.agents.greedy.GreedyOneShotAgent,0,[],0,332,0,0,0,168,0,220,100,220,94,100,126,12,166,2.00001522898674e-07,0,[]
000120251128H130949660922ppJj_LitaAgentY-LitaAgentN-LitaAgentPVaS.05c0f1fa,scml.oneshot.sysagents.DefaultOneShotAdapter:litaagent_std.litaagent_yr.LitaAgentYR,0,[],0,108,0,0,0,55,0,100,100,100,66,100,34,15,54,1.0011717677116394e-07,0,[]
000120251128H130949660922ppJj_LitaAgentY-LitaAgentN-LitaAgentPVaS.05c0f1fa,scml.oneshot.sysagents.DefaultOneShotAdapter:scml.oneshot.agents.rand.RandDistOneShotAgent,0,[],0,456,0,0,0,231,0,340,100,340,172,100,168,2,228,4.00003045797348e-07,0,[]
000120251128H130949660922ppJj_LitaAgentY-LitaAgentN-LitaAgentPVaS.05c0f1fa,System,0,[],0,440,0,0,0,231,0,0,0,0,0,0,0,0,220,4.00003045797348e-07,0,[]
000020251128H1309496249196qBU_LitaAgentY-LitaAgentN-MzwR.002ad7ed,scml.oneshot.sysagents.DefaultOneShotAdapter:litaagent_std.litaagent_n.LitaAgentN,0,[],0,178,0,0,0,90,0,120,0,120,51,0,69,0,89,9.0012326836586e-07,0,[]
000020251128H1309496249196qBU_LitaAgentY-LitaAgentN-MzwR.002ad7ed,scml.oneshot.sysagents.DefaultOneShotAdapter:scml.oneshot.agents.rand.EqualDistOneShotAgent,0,[],0,476,0,0,0,241,0,320,200,320,142,200,178,0,238,6.998889148235321e-07,0,[]
000020251128H1309496249196qBU_LitaAgentY-LitaAgentN-MzwR.002ad7ed,scml.oneshot.sysagents.DefaultOneShotAdapter:scml_agents.scml2025.oneshot.mat.mat.MATAgent,0,[],0,136,0,0,0,69,0,100,100,100,52,100,48,0,68,3.0011869966983795e-07,0,[]
000020251128H1309496249196qBU_LitaAgentY-LitaAgentN-MzwR.002ad7ed,scml.oneshot.sysagents.DefaultOneShotAdapter:scml.oneshot.agents.greedy.GreedyOneShotAgent,0,[],0,364,0,0,0,184,0,220,100,220,78,100,142,0,182,5.00120222568512e-07,0,[]
000020251128H1309496249196qBU_LitaAgentY-LitaAgentN-MzwR.002ad7ed,scml.oneshot.sysagents.DefaultOneShotAdapter:scml.oneshot.agents.rand.RandDistOneShotAgent,0,[],0,498,0,0,0,252,0,320,200,320,131,200,189,0,249,6.00004568696022e-07,0,[]
000020251128H1309496249196qBU_LitaAgentY-LitaAgentN-MzwR.002ad7ed,scml.oneshot.sysagents.DefaultOneShotAdapter:litaagent_std.litaagent_y.LitaAgentY,0,[],0,124,0,0,0,63,0,120,0,120,78,0,42,0,62,3.0011869966983795e-07,0,[]
000020251128H1309496249196qBU_LitaAgentY-LitaAgentN-MzwR.002ad7ed,System,0,[],0,440,0,0,0,231,0,0,0,0,0,0,0,0,220,4.00003045797348e-07,0,[]
000220251128H130949687433kHMw_LitaAgentY-LitaAgentYR-LitaAgentP03f.06d94743,scml.oneshot.sysagents.DefaultOneShotAdapter:litaagent_std.litaagent_p.LitaAgentP,0,[],0,40,0,0,0,21,0,80,0,80,80,0,0,0,20,3.0011869966983795e-07,0,[]
000220251128H130949687433kHMw_LitaAgentY-LitaAgentYR-LitaAgentP03f.06d94743,scml.oneshot.sysagents.DefaultOneShotAdapter:scml.oneshot.agents.rand.EqualDistOneShotAgent,0,[],0,136,0,0,0,69,0,80,0,80,32,0,48,0,68,2.00001522898674e-07,0,[]
000220251128H130949687433kHMw_LitaAgentY-LitaAgentYR-LitaAgentP03f.06d94743,scml.oneshot.sysagents.DefaultOneShotAdapter:scml.oneshot.agents.greedy.GreedyOneShotAgent,0,[],0,348,0,0,0,176,0,160,80,160,26,80,134,0,174,4.00003045797348e-07,0,[]
000220251128H130949687433kHMw_LitaAgentY-LitaAgentYR-LitaAgentP03f.06d94743,scml.oneshot.sysagents.DefaultOneShotAdapter:litaagent_std.litaagent_yr.LitaAgentYR,0,[],0,100,0,0,0,51,0,80,0,80,50,0,30,0,50,9.0012326836586e-07,0,[]
000220251128H130949687433kHMw_LitaAgentY-LitaAgentYR-LitaAgentP03f.06d94743,scml.oneshot.sysagents.DefaultOneShotAdapter:scml.oneshot.agents.rand.RandDistOneShotAgent,0,[],0,230,0,0,0,117,0,160,160,160,85,160,75,0,115,5.997717380523682e-07,0,[]
000220251128H130949687433kHMw_LitaAgentY-LitaAgentYR-LitaAgentP03f.06d94743,scml.oneshot.sysagents.DefaultOneShotAdapter:litaagent_std.litaagent_y.LitaAgentY,0,[],0,98,0,0,0,50,0,80,80,80,51,80,29,0,49,2.00001522898674e-07,0,[]
000220251128H130949687433kHMw_LitaAgentY-LitaAgentYR-LitaAgentP03f.06d94743,System,0,[],0,320,0,0,0,168,0,0,0,0,0,0,0,0,160,5.00120222568512e-07,0,[]
000120251128H130949660922ppJj_LitaAgentY-LitaAgentC-LitaAgentNpd0.04359ea7,scml.oneshot.sysagents.DefaultOneShotAdapter:litaagent_std.litaagent_n.LitaAgentN,0,[],0,40,0,0,0,21,0,100,100,100,100,100,0,0,20,3.0011869966983795e-07,0,[]
000120251128H130949660922ppJj_LitaAgentY-LitaAgentC-LitaAgentNpd0.04359ea7,scml.oneshot.sysagents.DefaultOneShotAdapter:scml.oneshot.agents.rand.EqualDistOneShotAgent,0,[],0,474,0,0,0,240,0,320,200,320,143,200,177,0,237,5.00120222568512e-07,0,[]
000120251128H130949660922ppJj_LitaAgentY-LitaAgentC-LitaAgentNpd0.04359ea7,scml.oneshot.sysagents.DefaultOneShotAdapter:scml.oneshot.agents.greedy.GreedyOneShotAgent,0,[],0,382,0,0,0,193,0,220,100,220,69,100,151,0,191,5.00120222568512e-07,0,[]
000120251128H130949660922ppJj_LitaAgentY-LitaAgentC-LitaAgentNpd0.04359ea7,scml.oneshot.sysagents.DefaultOneShotAdapter:litaagent_std.litaagent_cir.LitaAgentCIR,0,[],0,128,0,0,0,65,0,120,0,120,76,0,44,0,64,8.998904377222061e-07,0,[]
000120251128H130949660922ppJj_LitaAgentY-LitaAgentC-LitaAgentNpd0.04359ea7,scml.oneshot.sysagents.DefaultOneShotAdapter:scml.oneshot.agents.rand.RandDistOneShotAgent,0,[],0,486,0,0,0,246,0,340,100,340,157,100,183,0,243,5.00120222568512e-07,0,[]
000120251128H130949660922ppJj_LitaAgentY-LitaAgentC-LitaAgentNpd0.04359ea7,scml.oneshot.sysagents.DefaultOneShotAdapter:litaagent_std.litaagent_y.LitaAgentY,0,[],0,94,0,0,0,48,0,100,100,100,73,100,27,0,47,2.00001522898674e-07,0,[]
000120251128H130949660922ppJj_LitaAgentY-LitaAgentC-LitaAgentNpd0.04359ea7,System,0,[],0,440,0,0,0,231,0,0,0,0,0,0,0,0,220,4.00003045797348e-07,0,[]
000020251128H1309496249196qBU_LitaAgentY-LitaAgentC-MTHq.02c4ba4a,scml.oneshot.sysagents.DefaultOneShotAdapter:scml.oneshot.agents.rand.EqualDistOneShotAgent,0,[],0,456,0,0,0,231,0,320,200,320,152,200,168,0,228,6.00004568696022e-07,0,[]
000020251128H1309496249196qBU_LitaAgentY-LitaAgentC-MTHq.02c4ba4a,scml.oneshot.sysagents.DefaultOneShotAdapter:scml_agents.scml2025.oneshot.mat.mat.MATAgent,0,[],0,172,0,0,0,87,0,120,0,120,54,0,66,0,86,3.0011869966983795e-07,0,[]
000020251128H1309496249196qBU_LitaAgentY-LitaAgentC-MTHq.02c4ba4a,scml.oneshot.sysagents.DefaultOneShotAdapter:scml.oneshot.agents.greedy.GreedyOneShotAgent,0,[],0,404,0,0,0,204,0,220,100,220,58,100,162,0,202,4.998873919248581e-07,0,[]
000020251128H1309496249196qBU_LitaAgentY-LitaAgentC-MTHq.02c4ba4a,scml.oneshot.sysagents.DefaultOneShotAdapter:litaagent_std.litaagent_cir.LitaAgentCIR,0,[],0,40,0,0,0,21,0,100,100,100,100,100,0,0,20,2.00001522898674e-07,0,[]
000020251128H1309496249196qBU_LitaAgentY-LitaAgentC-MTHq.02c4ba4a,scml.oneshot.sysagents.DefaultOneShotAdapter:litaagent_std.litaagent_yr.LitaAgentYR,0,[],0,134,0,0,0,68,0,120,0,120,73,0,47,0,67,8.00006091594696e-07,0,[]
000020251128H1309496249196qBU_LitaAgentY-LitaAgentC-MTHq.02c4ba4a,scml.oneshot.sysagents.DefaultOneShotAdapter:scml.oneshot.agents.rand.RandDistOneShotAgent,0,[],0,510,0,0,0,258,0,320,200,320,125,200,195,0,255,6.00004568696022e-07,0,[]
000020251128H1309496249196qBU_LitaAgentY-LitaAgentC-MTHq.02c4ba4a,System,0,[],0,440,0,0,0,231,0,0,0,0,0,0,0,0,220,4.00003045797348e-07,0,[]
000120251128H130949660922ppJj_LitaAgentY-LitaAgentYR-LitaAgentPBjJ.046f9c8f,scml.oneshot.sysagents.DefaultOneShotAdapter:litaagent_std.litaagent_p.LitaAgentP,0,[],0,40,0,0,0,21,0,100,100,100,100,100,0,0,20,2.00001522898674e-07,0,[]
000120251128H130949660922ppJj_LitaAgentY-LitaAgentYR-LitaAgentPBjJ.046f9c8f,scml.oneshot.sysagents.DefaultOneShotAdapter:scml.oneshot.agents.rand.EqualDistOneShotAgent,0,[],0,440,0,0,0,223,0,320,200,320,159,200,160,0,220,6.00004568696022e-07,0,[]
000120251128H130949660922ppJj_LitaAgentY-LitaAgentYR-LitaAgentPBjJ.046f9c8f,scml.oneshot.sysagents.DefaultOneShotAdapter:scml.oneshot.agents.greedy.GreedyOneShotAgent,0,[],0,410,0,0,0,207,0,220,100,220,55,100,165,0,205,5.00120222568512e-07,0,[]
000120251128H130949660922ppJj_LitaAgentY-LitaAgentYR-LitaAgentPBjJ.046f9c8f,scml.oneshot.sysagents.DefaultOneShotAdapter:litaagent_std.litaagent_yr.LitaAgentYR,0,[],0,112,0,0,0,57,0,120,0,120,82,0,36,0,56,7.00121745467186e-07,0,[]
000120251128H130949660922ppJj_LitaAgentY-LitaAgentYR-LitaAgentPBjJ.046f9c8f,scml.oneshot.sysagents.DefaultOneShotAdapter:scml.oneshot.agents.rand.RandDistOneShotAgent,0,[],0,442,0,0,0,224,0,340,100,340,178,100,161,0,221,4.996545612812042e-07,0,[]
000120251128H130949660922ppJj_LitaAgentY-LitaAgentYR-LitaAgentPBjJ.046f9c8f,scml.oneshot.sysagents.DefaultOneShotAdapter:litaagent_std.litaagent_y.LitaAgentY,0,[],0,128,0,0,0,65,0,100,100,100,56,100,44,0,64,2.00001522898674e-07,0,[]
000120251128H130949660922ppJj_LitaAgentY-LitaAgentYR-LitaAgentPBjJ.046f9c8f,System,0,[],0,440,0,0,0,231,0,0,0,0,0,0,0,0,220,4.00003045797348e-07,0,[]
000220251128H130949687433kHMw_LitaAgentY-LitaAgentC-MjJ1.070217fb,scml.oneshot.sysagents.DefaultOneShotAdapter:scml.oneshot.agents.rand.EqualDistOneShotAgent,0,[],0,138,0,0,0,70,0,80,0,80,31,0,49,0,69,2.00001522898674e-07,0,[]
000220251128H130949687433kHMw_LitaAgentY-LitaAgentC-MjJ1.070217fb,scml.oneshot.sysagents.DefaultOneShotAdapter:scml_agents.scml2025.oneshot.mat.mat.MATAgent,0,[],0,162,0,0,0,82,0,80,0,80,19,0,61,0,81,8.00006091594696e-07,0,[]
000220251128H130949687433kHMw_LitaAgentY-LitaAgentC-MjJ1.070217fb,scml.oneshot.sysagents.DefaultOneShotAdapter:scml.oneshot.agents.greedy.GreedyOneShotAgent,0,[],0,340,0,0,0,172,0,160,80,160,29,80,130,0,170,4.998873919248581e-07,0,[]
000220251128H130949687433kHMw_LitaAgentY-LitaAgentC-MjJ1.070217fb,scml.oneshot.sysagents.DefaultOneShotAdapter:litaagent_std.litaagent_cir.LitaAgentCIR,0,[],0,140,0,0,0,71,0,80,0,80,30,0,50,0,70,2.00001522898674e-07,0,[]
000220251128H130949687433kHMw_LitaAgentY-LitaAgentC-MjJ1.070217fb,scml.oneshot.sysagents.DefaultOneShotAdapter:scml.oneshot.agents.rand.RandDistOneShotAgent,0,[],0,298,0,0,0,151,0,160,160,160,51,160,109,0,149,4.00003045797348e-07,0,[]
000220251128H130949687433kHMw_LitaAgentY-LitaAgentC-MjJ1.070217fb,scml.oneshot.sysagents.DefaultOneShotAdapter:litaagent_std.litaagent_y.LitaAgentY,0,[],0,114,0,0,0,58,0,80,80,80,42,80,37,0,57,2.00001522898674e-07,0,[]
000220251128H130949687433kHMw_LitaAgentY-LitaAgentC-MjJ1.070217fb,System,0,[],0,320,0,0,0,168,0,0,0,0,0,0,0,0,160,4.00003045797348e-07,0,[]
000120251128H130949660922ppJj_LitaAgentY-LitaAgentN-LitaAgentPDKx.0557126d,scml.oneshot.sysagents.DefaultOneShotAdapter:litaagent_std.litaagent_n.LitaAgentN,0,[],0,40,0,0,0,21,0,100,100,100,100,100,0,0,20,2.00001522898674e-07,0,[]
000120251128H130949660922ppJj_LitaAgentY-LitaAgentN-LitaAgentPDKx.0557126d,scml.oneshot.sysagents.DefaultOneShotAdapter:litaagent_std.litaagent_p.LitaAgentP,0,[],0,40,0,0,0,21,0,100,100,100,100,100,0,0,20,2.00001522898674e-07,0,[]
000120251128H130949660922ppJj_LitaAgentY-LitaAgentN-LitaAgentPDKx.0557126d,scml.oneshot.sysagents.DefaultOneShotAdapter:scml.oneshot.agents.rand.EqualDistOneShotAgent,0,[],0,422,0,0,0,214,0,320,200,320,169,200,151,0,211,6.00004568696022e-07,0,[]
000120251128H130949660922ppJj_LitaAgentY-LitaAgentN-LitaAgentPDKx.0557126d,scml.oneshot.sysagents.DefaultOneShotAdapter:scml.oneshot.agents.greedy.GreedyOneShotAgent,0,[],0,388,0,0,0,196,0,220,100,220,66,100,154,0,194,5.00120222568512e-07,0,[]
000120251128H130949660922ppJj_LitaAgentY-LitaAgentN-LitaAgentPDKx.0557126d,scml.oneshot.sysagents.DefaultOneShotAdapter:scml.oneshot.agents.rand.RandDistOneShotAgent,0,[],0,458,0,0,0,232,0,340,100,340,171,100,169,0,229,6.00004568696022e-07,0,[]
000120251128H130949660922ppJj_LitaAgentY-LitaAgentN-LitaAgentPDKx.0557126d,scml.oneshot.sysagents.DefaultOneShotAdapter:litaagent_std.litaagent_y.LitaAgentY,0,[],0,120,0,0,0,61,0,120,0,120,80,0,40,0,60,1.00000761449337e-06,0,[]
000120251128H130949660922ppJj_LitaAgentY-LitaAgentN-LitaAgentPDKx.0557126d,System,0,[],0,440,0,0,0,231,0,0,0,0,0,0,0,0,220,5.00120222568512e-07,0,[]
000120251128H130949660922ppJj_LitaAgentY-LitaAgentN-MAaf.0556d86a,scml.oneshot.sysagents.DefaultOneShotAdapter:litaagent_std.litaagent_n.LitaAgentN,0,[],0,174,0,0,0,88,0,120,0,120,53,0,67,7,87,8.00006091594696e-07,0,[]
000120251128H130949660922ppJj_LitaAgentY-LitaAgentN-MAaf.0556d86a,scml.oneshot.sysagents.DefaultOneShotAdapter:scml.oneshot.agents.rand.EqualDistOneShotAgent,0,[],0,508,0,0,0,257,0,320,200,320,126,200,194,0,254,6.00004568696022e-07,0,[]
000120251128H130949660922ppJj_LitaAgentY-LitaAgentN-MAaf.0556d86a,scml.oneshot.sysagents.DefaultOneShotAdapter:scml_agents.scml2025.oneshot.mat.mat.MATAgent,0,[],0,152,0,0,0,77,0,100,100,100,44,100,56,0,76,2.00001522898674e-07,0,[]
000120251128H130949660922ppJj_LitaAgentY-LitaAgentN-MAaf.0556d86a,scml.oneshot.sysagents.DefaultOneShotAdapter:scml.oneshot.agents.greedy.GreedyOneShotAgent,0,[],0,312,0,0,0,158,0,220,100,220,104,100,116,19,156,2.998858690261841e-07,0,[]
000120251128H130949660922ppJj_LitaAgentY-LitaAgentN-MAaf.0556d86a,scml.oneshot.sysagents.DefaultOneShotAdapter:litaagent_std.litaagent_yr.LitaAgentYR,0,[],0,152,0,0,0,77,0,100,100,100,44,100,56,26,76,9.988434612751007e-08,0,[]
000120251128H130949660922ppJj_LitaAgentY-LitaAgentN-MAaf.0556d86a,scml.oneshot.sysagents.DefaultOneShotAdapter:scml.oneshot.agents.rand.RandDistOneShotAgent,0,[],0,558,0,0,0,282,0,340,100,340,121,100,219,0,279,3.9977021515369415e-07,0,[]
000120251128H130949660922ppJj_LitaAgentY-LitaAgentN-MAaf.0556d86a,System,0,[],0,440,0,0,0,231,0,0,0,0,0,0,0,0,220,2.998858690261841e-07,0,[]
000220251128H130949687433kHMw_LitaAgentY-LitaAgentP-M5XY.07cb3a8f,scml.oneshot.sysagents.DefaultOneShotAdapter:litaagent_std.litaagent_p.LitaAgentP,0,[],0,40,0,0,0,21,0,80,0,80,80,0,0,0,20,2.00001522898674e-07,0,[]
000220251128H130949687433kHMw_LitaAgentY-LitaAgentP-M5XY.07cb3a8f,scml.oneshot.sysagents.DefaultOneShotAdapter:scml.oneshot.agents.rand.EqualDistOneShotAgent,0,[],0,130,0,0,0,66,0,80,0,80,35,0,45,0,65,2.00001522898674e-07,0,[]
000220251128H130949687433kHMw_LitaAgentY-LitaAgentP-M5XY.07cb3a8f,scml.oneshot.sysagents.DefaultOneShotAdapter:scml_agents.scml2025.oneshot.mat.mat.MATAgent,0,[],0,124,0,0,0,63,0,80,80,80,38,80,42,0,62,2.00001522898674e-07,0,[]
000220251128H130949687433kHMw_LitaAgentY-LitaAgentP-M5XY.07cb3a8f,scml.oneshot.sysagents.DefaultOneShotAdapter:scml.oneshot.agents.greedy.GreedyOneShotAgent,0,[],0,344,0,0,0,174,0,160,80,160,28,80,132,0,172,3.9977021515369415e-07,0,[]
000220251128H130949687433kHMw_LitaAgentY-LitaAgentP-M5XY.07cb3a8f,scml.oneshot.sysagents.DefaultOneShotAdapter:litaagent_std.litaagent_yr.LitaAgentYR,0,[],0,132,0,0,0,67,0,80,0,80,34,0,46,0,66,8.00006091594696e-07,0,[]
000220251128H130949687433kHMw_LitaAgentY-LitaAgentP-M5XY.07cb3a8f,scml.oneshot.sysagents.DefaultOneShotAdapter:scml.oneshot.agents.rand.RandDistOneShotAgent,0,[],0,222,0,0,0,113,0,160,160,160,89,160,71,0,111,4.00003045797348e-07,0,[]
000220251128H130949687433kHMw_LitaAgentY-LitaAgentP-M5XY.07cb3a8f,System,0,[],0,320,0,0,0,168,0,0,0,0,0,0,0,0,160,4.998873919248581e-07,0,[]
000020251128H1309496249196qBU_LitaAgentY-LitaAgentN-MzwR.02f9cb76,scml.oneshot.sysagents.DefaultOneShotAdapter:litaagent_std.litaagent_n.LitaAgentN,0,[],0,206,0,0,0,104,0,120,0,120,37,0,83,0,103,2.00001522898674e-07,0,[]
000020251128H1309496249196qBU_LitaAgentY-LitaAgentN-MzwR.02f9cb76,scml.oneshot.sysagents.DefaultOneShotAdapter:scml.oneshot.agents.rand.EqualDistOneShotAgent,0,[],0,504,0,0,0,255,0,320,200,320,128,200,192,0,252,2.996530383825302e-07,0,[]
000020251128H1309496249196qBU_LitaAgentY-LitaAgentN-MzwR.02f9cb76,scml.oneshot.sysagents.DefaultOneShotAdapter:scml_agents.scml2025.oneshot.mat.mat.MATAgent,0,[],0,180,0,0,0,91,0,120,0,120,50,0,70,0,90,8.998904377222061e-07,0,[]
000020251128H1309496249196qBU_LitaAgentY-LitaAgentN-MzwR.02f9cb76,scml.oneshot.sysagents.DefaultOneShotAdapter:scml.oneshot.agents.greedy.GreedyOneShotAgent,0,[],0,408,0,0,0,206,0,220,100,220,56,100,164,0,204,2.998858690261841e-07,0,[]
000020251128H1309496249196qBU_LitaAgentY-LitaAgentN-MzwR.02f9cb76,scml.oneshot.sysagents.DefaultOneShotAdapter:scml.oneshot.agents.rand.RandDistOneShotAgent,0,[],0,554,0,0,0,280,0,320,200,320,103,200,217,0,277,4.998873919248581e-07,0,[]
000020251128H1309496249196qBU_LitaAgentY-LitaAgentN-MzwR.02f9cb76,scml.oneshot.sysagents.DefaultOneShotAdapter:litaagent_std.litaagent_y.LitaAgentY,0,[],0,156,0,0,0,79,0,100,100,100,42,100,58,0,78,2.00001522898674e-07,0,[]
000020251128H1309496249196qBU_LitaAgentY-LitaAgentN-MzwR.02f9cb76,System,0,[],0,440,0,0,0,231,0,0,0,0,0,0,0,0,220,2.00001522898674e-07,0,[]
000220251128H130949687433kHMw_LitaAgentY-LitaAgentC-LitaAgentPMfT.06e284d0,scml.oneshot.sysagents.DefaultOneShotAdapter:litaagent_std.litaagent_p.LitaAgentP,0,[],0,40,0,0,0,21,0,80,0,80,80,0,0,0,20,6.00004568696022e-07,0,[]
000220251128H130949687433kHMw_LitaAgentY-LitaAgentC-LitaAgentPMfT.06e284d0,scml.oneshot.sysagents.DefaultOneShotAdapter:scml.oneshot.agents.rand.EqualDistOneShotAgent,0,[],0,130,0,0,0,66,0,80,0,80,35,0,45,0,65,9.988434612751007e-08,0,[]
000220251128H130949687433kHMw_LitaAgentY-LitaAgentC-LitaAgentPMfT.06e284d0,scml.oneshot.sysagents.DefaultOneShotAdapter:scml.oneshot.agents.greedy.GreedyOneShotAgent,0,[],0,310,0,0,0,157,0,160,80,160,45,80,115,5,155,2.00001522898674e-07,0,[]
000220251128H130949687433kHMw_LitaAgentY-LitaAgentC-LitaAgentPMfT.06e284d0,scml.oneshot.sysagents.DefaultOneShotAdapter:litaagent_std.litaagent_cir.LitaAgentCIR,0,[],0,144,0,0,0,73,0,80,0,80,28,0,52,5,72,2.00001522898674e-07,0,[]
000220251128H130949687433kHMw_LitaAgentY-LitaAgentC-LitaAgentPMfT.06e284d0,scml.oneshot.sysagents.DefaultOneShotAdapter:litaagent_std.litaagent_yr.LitaAgentYR,0,[],0,62,0,0,0,32,0,80,80,80,69,80,11,10,31,1.0011717677116394e-07,0,[]
000220251128H130949687433kHMw_LitaAgentY-LitaAgentC-LitaAgentPMfT.06e284d0,scml.oneshot.sysagents.DefaultOneShotAdapter:scml.oneshot.agents.rand.RandDistOneShotAgent,0,[],0,262,0,0,0,133,0,160,160,160,69,160,91,0,131,3.0011869966983795e-07,0,[]
000220251128H130949687433kHMw_LitaAgentY-LitaAgentC-LitaAgentPMfT.06e284d0,System,0,[],0,320,0,0,0,168,0,0,0,0,0,0,0,0,160,2.00001522898674e-07,0,[]
000020251128H1309496249196qBU_LitaAgentN-LitaAgentP-MG1B.00eef00a,scml.oneshot.sysagents.DefaultOneShotAdapter:litaagent_std.litaagent_n.LitaAgentN,0,[],0,208,0,0,0,105,0,120,0,120,36,0,84,0,104,8.00006091594696e-07,0,[]
000020251128H1309496249196qBU_LitaAgentN-LitaAgentP-MG1B.00eef00a,scml.oneshot.sysagents.DefaultOneShotAdapter:litaagent_std.litaagent_p.LitaAgentP,0,[],0,40,0,0,0,21,0,100,100,100,100,100,0,0,20,1.0011717677116394e-07,0,[]
000020251128H1309496249196qBU_LitaAgentN-LitaAgentP-MG1B.00eef00a,scml.oneshot.sysagents.DefaultOneShotAdapter:scml.oneshot.agents.rand.EqualDistOneShotAgent,0,[],0,464,0,0,0,235,0,320,200,320,148,200,172,0,232,3.0011869966983795e-07,0,[]
000020251128H1309496249196qBU_LitaAgentN-LitaAgentP-MG1B.00eef00a,scml.oneshot.sysagents.DefaultOneShotAdapter:scml_agents.scml2025.oneshot.mat.mat.MATAgent,0,[],0,174,0,0,0,88,0,120,0,120,53,0,67,0,87,1.0011717677116394e-07,0,[]
000020251128H1309496249196qBU_LitaAgentN-LitaAgentP-MG1B.00eef00a,scml.oneshot.sysagents.DefaultOneShotAdapter:scml.oneshot.agents.greedy.GreedyOneShotAgent,0,[],0,390,0,0,0,197,0,220,100,220,65,100,155,0,195,2.00001522898674e-07,0,[]
000020251128H1309496249196qBU_LitaAgentN-LitaAgentP-MG1B.00eef00a,scml.oneshot.sysagents.DefaultOneShotAdapter:scml.oneshot.agents.rand.RandDistOneShotAgent,0,[],0,484,0,0,0,245,0,320,200,320,138,200,182,0,242,4.00003045797348e-07,0,[]
000020251128H1309496249196qBU_LitaAgentN-LitaAgentP-MG1B.00eef00a,System,0,[],0,440,0,0,0,231,0,0,0,0,0,0,0,0,220,2.998858690261841e-07,0,[]
000120251128H130949660922ppJj_LitaAgentC-LitaAgentN-MPco.04fbad2b,scml.oneshot.sysagents.DefaultOneShotAdapter:litaagent_std.litaagent_n.LitaAgentN,0,[],0,184,0,0,0,93,0,120,0,120,48,0,72,0,92,9.0012326836586e-07,0,[]
000120251128H130949660922ppJj_LitaAgentC-LitaAgentN-MPco.04fbad2b,scml.oneshot.sysagents.DefaultOneShotAdapter:scml.oneshot.agents.rand.EqualDistOneShotAgent,0,[],0,488,0,0,0,247,0,320,200,320,136,200,184,0,244,7.00121745467186e-07,0,[]
000120251128H130949660922ppJj_LitaAgentC-LitaAgentN-MPco.04fbad2b,scml.oneshot.sysagents.DefaultOneShotAdapter:scml_agents.scml2025.oneshot.mat.mat.MATAgent,0,[],0,152,0,0,0,77,0,100,100,100,44,100,56,0,76,2.00001522898674e-07,0,[]
000120251128H130949660922ppJj_LitaAgentC-LitaAgentN-MPco.04fbad2b,scml.oneshot.sysagents.DefaultOneShotAdapter:scml.oneshot.agents.greedy.GreedyOneShotAgent,0,[],0,358,0,0,0,181,0,220,100,220,81,100,139,0,179,6.00004568696022e-07,0,[]
000120251128H130949660922ppJj_LitaAgentC-LitaAgentN-MPco.04fbad2b,scml.oneshot.sysagents.DefaultOneShotAdapter:litaagent_std.litaagent_cir.LitaAgentCIR,0,[],0,40,0,0,0,21,0,100,100,100,100,100,0,0,20,3.0011869966983795e-07,0,[]
000120251128H130949660922ppJj_LitaAgentC-LitaAgentN-MPco.04fbad2b,scml.oneshot.sysagents.DefaultOneShotAdapter:scml.oneshot.agents.rand.RandDistOneShotAgent,0,[],0,482,0,0,0,244,0,340,100,340,159,100,181,0,241,8.00006091594696e-07,0,[]
000120251128H130949660922ppJj_LitaAgentC-LitaAgentN-MPco.04fbad2b,System,0,[],0,440,0,0,0,231,0,0,0,0,0,0,0,0,220,5.00120222568512e-07,0,[]
000220251128H130949687433kHMw_LitaAgentY-LitaAgentN-LitaAgentPwc9.085d6a45,scml.oneshot.sysagents.DefaultOneShotAdapter:litaagent_std.litaagent_n.LitaAgentN,0,[],0,152,0,0,0,77,0,80,0,80,24,0,56,0,76,1.0998919606208801e-06,0,[]
000220251128H130949687433kHMw_LitaAgentY-LitaAgentN-LitaAgentPwc9.085d6a45,scml.oneshot.sysagents.DefaultOneShotAdapter:litaagent_std.litaagent_p.LitaAgentP,0,[],0,40,0,0,0,21,0,80,80,80,80,80,0,0,20,2.998858690261841e-07,0,[]
000220251128H130949687433kHMw_LitaAgentY-LitaAgentN-LitaAgentPwc9.085d6a45,scml.oneshot.sysagents.DefaultOneShotAdapter:scml.oneshot.agents.rand.EqualDistOneShotAgent,0,[],0,120,0,0,0,61,0,80,0,80,40,0,40,0,60,3.0011869966983795e-07,0,[]
000220251128H130949687433kHMw_LitaAgentY-LitaAgentN-LitaAgentPwc9.085d6a45,scml.oneshot.sysagents.DefaultOneShotAdapter:scml.oneshot.agents.greedy.GreedyOneShotAgent,0,[],0,330,0,0,0,167,0,160,80,160,35,80,125,0,165,4.998873919248581e-07,0,[]
000220251128H130949687433kHMw_LitaAgentY-LitaAgentN-LitaAgentPwc9.085d6a45,scml.oneshot.sysagents.DefaultOneShotAdapter:litaagent_std.litaagent_yr.LitaAgentYR,0,[],0,110,0,0,0,56,0,80,0,80,45,0,35,1,55,2.998858690261841e-07,0,[]
000220251128H130949687433kHMw_LitaAgentY-LitaAgentN-LitaAgentPwc9.085d6a45,scml.oneshot.sysagents.DefaultOneShotAdapter:scml.oneshot.agents.rand.RandDistOneShotAgent,0,[],0,280,0,0,0,142,0,160,160,160,60,160,100,1,140,6.002373993396759e-07,0,[]
000220251128H130949687433kHMw_LitaAgentY-LitaAgentN-LitaAgentPwc9.085d6a45,System,0,[],0,320,0,0,0,168,0,0,0,0,0,0,0,0,160,4.00003045797348e-07,0,[]
000220251128H130949687433kHMw_LitaAgentC-LitaAgentP-MMvP.084abe5f,scml.oneshot.sysagents.DefaultOneShotAdapter:litaagent_std.litaagent_p.LitaAgentP,0,[],0,40,0,0,0,21,0,80,80,80,80,80,0,0,20,2.00001522898674e-07,0,[]
000220251128H130949687433kHMw_LitaAgentC-LitaAgentP-MMvP.084abe5f,scml.oneshot.sysagents.DefaultOneShotAdapter:scml.oneshot.agents.rand.EqualDistOneShotAgent,0,[],0,116,0,0,0,59,0,80,0,80,42,0,38,0,58,2.00001522898674e-07,0,[]
000220251128H130949687433kHMw_LitaAgentC-LitaAgentP-MMvP.084abe5f,scml.oneshot.sysagents.DefaultOneShotAdapter:scml_agents.scml2025.oneshot.mat.mat.MATAgent,0,[],0,154,0,0,0,78,0,80,0,80,23,0,57,0,77,6.00004568696022e-07,0,[]
000220251128H130949687433kHMw_LitaAgentC-LitaAgentP-MMvP.084abe5f,scml.oneshot.sysagents.DefaultOneShotAdapter:scml.oneshot.agents.greedy.GreedyOneShotAgent,0,[],0,332,0,0,0,168,0,160,80,160,34,80,126,0,166,4.00003045797348e-07,0,[]
000220251128H130949687433kHMw_LitaAgentC-LitaAgentP-MMvP.084abe5f,scml.oneshot.sysagents.DefaultOneShotAdapter:litaagent_std.litaagent_cir.LitaAgentCIR,0,[],0,142,0,0,0,72,0,80,0,80,29,0,51,0,71,2.00001522898674e-07,0,[]
000220251128H130949687433kHMw_LitaAgentC-LitaAgentP-MMvP.084abe5f,scml.oneshot.sysagents.DefaultOneShotAdapter:scml.oneshot.agents.rand.RandDistOneShotAgent,0,[],0,320,0,0,0,162,0,160,160,160,40,160,120,0,160,4.00003045797348e-07,0,[]
000220251128H130949687433kHMw_LitaAgentC-LitaAgentP-MMvP.084abe5f,System,0,[],0,320,0,0,0,168,0,0,0,0,0,0,0,0,160,5.00120222568512e-07,0,[]
000020251128H1309496249196qBU_LitaAgentY-LitaAgentP-Mxu7.00fedb0f,scml.oneshot.sysagents.DefaultOneShotAdapter:litaagent_std.litaagent_p.LitaAgentP,0,[],0,40,0,0,0,21,0,120,0,120,120,0,0,0,20,6.00004568696022e-07,0,[]
000020251128H1309496249196qBU_LitaAgentY-LitaAgentP-Mxu7.00fedb0f,scml.oneshot.sysagents.DefaultOneShotAdapter:scml.oneshot.agents.rand.EqualDistOneShotAgent,0,[],0,444,0,0,0,225,0,320,200,320,158,200,162,0,222,5.00120222568512e-07,0,[]
000020251128H1309496249196qBU_LitaAgentY-LitaAgentP-Mxu7.00fedb0f,scml.oneshot.sysagents.DefaultOneShotAdapter:scml_agents.scml2025.oneshot.mat.mat.MATAgent,0,[],0,130,0,0,0,66,0,100,100,100,55,100,45,0,65,1.0011717677116394e-07,0,[]
000020251128H1309496249196qBU_LitaAgentY-LitaAgentP-Mxu7.00fedb0f,scml.oneshot.sysagents.DefaultOneShotAdapter:scml.oneshot.agents.greedy.GreedyOneShotAgent,0,[],0,364,0,0,0,184,0,220,100,220,78,100,142,0,182,2.00001522898674e-07,0,[]
000020251128H1309496249196qBU_LitaAgentY-LitaAgentP-Mxu7.00fedb0f,scml.oneshot.sysagents.DefaultOneShotAdapter:litaagent_std.litaagent_yr.LitaAgentYR,0,[],0,120,0,0,0,61,0,120,0,120,80,0,40,0,60,9.988434612751007e-08,0,[]
000020251128H1309496249196qBU_LitaAgentY-LitaAgentP-Mxu7.00fedb0f,scml.oneshot.sysagents.DefaultOneShotAdapter:scml.oneshot.agents.rand.RandDistOneShotAgent,0,[],0,478,0,0,0,242,0,320,200,320,141,200,179,0,239,4.002358764410019e-07,0,[]
000020251128H1309496249196qBU_LitaAgentY-LitaAgentP-Mxu7.00fedb0f,System,0,[],0,440,0,0,0,231,0,0,0,0,0,0,0,0,220,2.00001522898674e-07,0,[]
000220251128H130949687433kHMw_LitaAgentY-LitaAgentC-LitaAgentPMfT.08347561,scml.oneshot.sysagents.DefaultOneShotAdapter:litaagent_std.litaagent_p.LitaAgentP,0,[],0,40,0,0,0,21,0,80,0,80,80,0,0,0,20,2.00001522898674e-07,0,[]
000220251128H130949687433kHMw_LitaAgentY-LitaAgentC-LitaAgentPMfT.08347561,scml.oneshot.sysagents.DefaultOneShotAdapter:scml.oneshot.agents.rand.EqualDistOneShotAgent,0,[],0,122,0,0,0,62,0,80,0,80,39,0,41,0,61,2.00001522898674e-07,0,[]
000220251128H130949687433kHMw_LitaAgentY-LitaAgentC-LitaAgentPMfT.08347561,scml.oneshot.sysagents.DefaultOneShotAdapter:scml.oneshot.agents.greedy.GreedyOneShotAgent,0,[],0,318,0,0,0,161,0,160,80,160,41,80,119,0,159,3.0011869966983795e-07,0,[]
000220251128H130949687433kHMw_LitaAgentY-LitaAgentC-LitaAgentPMfT.08347561,scml.oneshot.sysagents.DefaultOneShotAdapter:litaagent_std.litaagent_cir.LitaAgentCIR,0,[],0,40,0,0,0,21,0,80,80,80,80,80,0,0,20,2.00001522898674e-07,0,[]
000220251128H130949687433kHMw_LitaAgentY-LitaAgentC-LitaAgentPMfT.08347561,scml.oneshot.sysagents.DefaultOneShotAdapter:litaagent_std.litaagent_yr.LitaAgentYR,0,[],0,102,0,0,0,52,0,80,0,80,49,0,31,1,51,9.0012326836586e-07,0,[]
000220251128H130949687433kHMw_LitaAgentY-LitaAgentC-LitaAgentPMfT.08347561,scml.oneshot.sysagents.DefaultOneShotAdapter:scml.oneshot.agents.rand.RandDistOneShotAgent,0,[],0,226,0,0,0,115,0,160,160,160,87,160,73,1,113,4.00003045797348e-07,0,[]
000220251128H130949687433kHMw_LitaAgentY-LitaAgentC-LitaAgentPMfT.08347561,System,0,[],0,320,0,0,0,168,0,0,0,0,0,0,0,0,160,4.00003045797348e-07,0,[]
000020251128H1309496249196qBU_LitaAgentY-LitaAgentC-LitaAgentP4Yj.00fea6cc,scml.oneshot.sysagents.DefaultOneShotAdapter:litaagent_std.litaagent_p.LitaAgentP,0,[],0,40,0,0,0,21,0,120,0,120,120,0,0,0,20,8.00006091594696e-07,0,[]
000020251128H1309496249196qBU_LitaAgentY-LitaAgentC-LitaAgentP4Yj.00fea6cc,scml.oneshot.sysagents.DefaultOneShotAdapter:scml.oneshot.agents.rand.EqualDistOneShotAgent,0,[],0,504,0,0,0,255,0,320,200,320,128,200,192,0,252,5.00120222568512e-07,0,[]
000020251128H1309496249196qBU_LitaAgentY-LitaAgentC-LitaAgentP4Yj.00fea6cc,scml.oneshot.sysagents.DefaultOneShotAdapter:scml.oneshot.agents.greedy.GreedyOneShotAgent,0,[],0,384,0,0,0,194,0,220,100,220,68,100,152,8,192,3.0011869966983795e-07,0,[]
000020251128H1309496249196qBU_LitaAgentY-LitaAgentC-LitaAgentP4Yj.00fea6cc,scml.oneshot.sysagents.DefaultOneShotAdapter:litaagent_std.litaagent_cir.LitaAgentCIR,0,[],0,178,0,0,0,90,0,120,0,120,51,0,69,8,89,2.00001522898674e-07,0,[]
000020251128H1309496249196qBU_LitaAgentY-LitaAgentC-LitaAgentP4Yj.00fea6cc,scml.oneshot.sysagents.DefaultOneShotAdapter:litaagent_std.litaagent_yr.LitaAgentYR,0,[],0,102,0,0,0,52,0,100,100,100,69,100,31,16,51,2.00001522898674e-07,0,[]
000020251128H1309496249196qBU_LitaAgentY-LitaAgentC-LitaAgentP4Yj.00fea6cc,scml.oneshot.sysagents.DefaultOneShotAdapter:scml.oneshot.agents.rand.RandDistOneShotAgent,0,[],0,528,0,0,0,267,0,320,200,320,116,200,204,0,264,4.002358764410019e-07,0,[]
000020251128H1309496249196qBU_LitaAgentY-LitaAgentC-LitaAgentP4Yj.00fea6cc,System,0,[],0,440,0,0,0,231,0,0,0,0,0,0,0,0,220,2.00001522898674e-07,0,[]
000220251128H130949687433kHMw_LitaAgentC-LitaAgentP-MMvP.07a716ab,scml.oneshot.sysagents.DefaultOneShotAdapter:litaagent_std.litaagent_p.LitaAgentP,0,[],0,40,0,0,0,21,0,80,0,80,80,0,0,0,20,1.2998934835195541e-06,0,[]
000220251128H130949687433kHMw_LitaAgentC-LitaAgentP-MMvP.07a716ab,scml.oneshot.sysagents.DefaultOneShotAdapter:scml.oneshot.agents.rand.EqualDistOneShotAgent,0,[],0,118,0,0,0,60,0,80,0,80,41,0,39,0,59,2.00001522898674e-07,0,[]
000220251128H130949687433kHMw_LitaAgentC-LitaAgentP-MMvP.07a716ab,scml.oneshot.sysagents.DefaultOneShotAdapter:scml_agents.scml2025.oneshot.mat.mat.MATAgent,0,[],0,144,0,0,0,73,0,80,0,80,28,0,52,0,72,3.0011869966983795e-07,0,[]
000220251128H130949687433kHMw_LitaAgentC-LitaAgentP-MMvP.07a716ab,scml.oneshot.sysagents.DefaultOneShotAdapter:scml.oneshot.agents.greedy.GreedyOneShotAgent,0,[],0,320,0,0,0,162,0,160,80,160,40,80,120,0,160,5.00120222568512e-07,0,[]
000220251128H130949687433kHMw_LitaAgentC-LitaAgentP-MMvP.07a716ab,scml.oneshot.sysagents.DefaultOneShotAdapter:litaagent_std.litaagent_cir.LitaAgentCIR,0,[],0,40,0,0,0,21,0,80,80,80,80,80,0,0,20,2.998858690261841e-07,0,[]
000220251128H130949687433kHMw_LitaAgentC-LitaAgentP-MMvP.07a716ab,scml.oneshot.sysagents.DefaultOneShotAdapter:scml.oneshot.agents.rand.RandDistOneShotAgent,0,[],0,262,0,0,0,133,0,160,160,160,69,160,91,0,131,4.998873919248581e-07,0,[]
000220251128H130949687433kHMw_LitaAgentC-LitaAgentP-MMvP.07a716ab,System,0,[],0,320,0,0,0,168,0,0,0,0,0,0,0,0,160,4.00003045797348e-07,0,[]
000020251128H1309496249196qBU_LitaAgentY-LitaAgentP-Mxu7.02853cd4,scml.oneshot.sysagents.DefaultOneShotAdapter:litaagent_std.litaagent_p.LitaAgentP,0,[],0,40,0,0,0,21,0,100,100,100,100,100,0,0,20,2.00001522898674e-07,0,[]
000020251128H1309496249196qBU_LitaAgentY-LitaAgentP-Mxu7.02853cd4,scml.oneshot.sysagents.DefaultOneShotAdapter:scml.oneshot.agents.rand.EqualDistOneShotAgent,0,[],0,460,0,0,0,233,0,320,200,320,149,200,170,0,230,6.00004568696022e-07,0,[]
000020251128H1309496249196qBU_LitaAgentY-LitaAgentP-Mxu7.02853cd4,scml.oneshot.sysagents.DefaultOneShotAdapter:scml_agents.scml2025.oneshot.mat.mat.MATAgent,0,[],0,170,0,0,0,86,0,120,0,120,55,0,65,0,85,1.0011717677116394e-07,0,[]
000020251128H1309496249196qBU_LitaAgentY-LitaAgentP-Mxu7.02853cd4,scml.oneshot.sysagents.DefaultOneShotAdapter:scml.oneshot.agents.greedy.GreedyOneShotAgent,0,[],0,406,0,0,0,205,0,220,100,220,57,100,163,0,203,4.00003045797348e-07,0,[]
000020251128H1309496249196qBU_LitaAgentY-LitaAgentP-Mxu7.02853cd4,scml.oneshot.sysagents.DefaultOneShotAdapter:litaagent_std.litaagent_yr.LitaAgentYR,0,[],0,126,0,0,0,64,0,120,0,120,75,0,43,0,63,5.00120222568512e-07,0,[]
000020251128H1309496249196qBU_LitaAgentY-LitaAgentP-Mxu7.02853cd4,scml.oneshot.sysagents.DefaultOneShotAdapter:scml.oneshot.agents.rand.RandDistOneShotAgent,0,[],0,482,0,0,0,244,0,320,200,320,138,200,181,0,241,4.998873919248581e-07,0,[]
000020251128H1309496249196qBU_LitaAgentY-LitaAgentP-Mxu7.02853cd4,System,0,[],0,440,0,0,0,231,0,0,0,0,0,0,0,0,220,4.00003045797348e-07,0,[]
000220251128H130949687433kHMw_LitaAgentY-LitaAgentYR-LitaAgentNbua.085bf13f,scml.oneshot.sysagents.DefaultOneShotAdapter:litaagent_std.litaagent_n.LitaAgentN,0,[],0,158,0,0,0,80,0,80,0,80,21,0,59,1,79,7.00121745467186e-07,0,[]
000220251128H130949687433kHMw_LitaAgentY-LitaAgentYR-LitaAgentNbua.085bf13f,scml.oneshot.sysagents.DefaultOneShotAdapter:scml.oneshot.agents.rand.EqualDistOneShotAgent,0,[],0,126,0,0,0,64,0,80,0,80,37,0,43,1,63,9.988434612751007e-08,0,[]
000220251128H130949687433kHMw_LitaAgentY-LitaAgentYR-LitaAgentNbua.085bf13f,scml.oneshot.sysagents.DefaultOneShotAdapter:scml.oneshot.agents.greedy.GreedyOneShotAgent,0,[],0,326,0,0,0,165,0,160,80,160,37,80,123,8,163,2.998858690261841e-07,0,[]
000220251128H130949687433kHMw_LitaAgentY-LitaAgentYR-LitaAgentNbua.085bf13f,scml.oneshot.sysagents.DefaultOneShotAdapter:litaagent_std.litaagent_yr.LitaAgentYR,0,[],0,74,0,0,0,38,0,80,80,80,63,80,17,17,37,2.00001522898674e-07,0,[]
000220251128H130949687433kHMw_LitaAgentY-LitaAgentYR-LitaAgentNbua.085bf13f,scml.oneshot.sysagents.DefaultOneShotAdapter:scml.oneshot.agents.rand.RandDistOneShotAgent,0,[],0,274,0,0,0,139,0,160,160,160,62,160,97,0,137,2.00001522898674e-07,0,[]
000220251128H130949687433kHMw_LitaAgentY-LitaAgentYR-LitaAgentNbua.085bf13f,scml.oneshot.sysagents.DefaultOneShotAdapter:litaagent_std.litaagent_y.LitaAgentY,0,[],0,114,0,0,0,58,0,80,0,80,42,0,37,7,57,2.00001522898674e-07,0,[]
000220251128H130949687433kHMw_LitaAgentY-LitaAgentYR-LitaAgentNbua.085bf13f,System,0,[],0,320,0,0,0,168,0,0,0,0,0,0,0,0,160,3.0011869966983795e-07,0,[]
000120251128H130949660922ppJj_LitaAgentY-LitaAgentYR-MrrF.04c79bb6,scml.oneshot.sysagents.DefaultOneShotAdapter:scml.oneshot.agents.rand.EqualDistOneShotAgent,0,[],0,504,0,0,0,255,0,320,200,320,128,200,192,0,252,4.998873919248581e-07,0,[]
000120251128H130949660922ppJj_LitaAgentY-LitaAgentYR-MrrF.04c79bb6,scml.oneshot.sysagents.DefaultOneShotAdapter:scml_agents.scml2025.oneshot.mat.mat.MATAgent,0,[],0,144,0,0,0,73,0,100,100,100,48,100,52,0,72,2.00001522898674e-07,0,[]
000120251128H130949660922ppJj_LitaAgentY-LitaAgentYR-MrrF.04c79bb6,scml.oneshot.sysagents.DefaultOneShotAdapter:scml.oneshot.agents.greedy.GreedyOneShotAgent,0,[],0,392,0,0,0,198,0,220,100,220,64,100,156,0,196,4.998873919248581e-07,0,[]
000120251128H130949660922ppJj_LitaAgentY-LitaAgentYR-MrrF.04c79bb6,scml.oneshot.sysagents.DefaultOneShotAdapter:litaagent_std.litaagent_yr.LitaAgentYR,0,[],0,138,0,0,0,70,0,120,0,120,71,0,49,0,69,8.00006091594696e-07,0,[]
000120251128H130949660922ppJj_LitaAgentY-LitaAgentYR-MrrF.04c79bb6,scml.oneshot.sysagents.DefaultOneShotAdapter:scml.oneshot.agents.rand.RandDistOneShotAgent,0,[],0,542,0,0,0,274,0,340,100,340,129,100,211,0,271,7.00121745467186e-07,0,[]
000120251128H130949660922ppJj_LitaAgentY-LitaAgentYR-MrrF.04c79bb6,scml.oneshot.sysagents.DefaultOneShotAdapter:litaagent_std.litaagent_y.LitaAgentY,0,[],0,136,0,0,0,69,0,100,100,100,52,100,48,0,68,2.00001522898674e-07,0,[]
000120251128H130949660922ppJj_LitaAgentY-LitaAgentYR-MrrF.04c79bb6,System,0,[],0,440,0,0,0,231,0,0,0,0,0,0,0,0,220,8.00006091594696e-07,0,[]
000220251128H130949687433kHMw_LitaAgentY-LitaAgentYR-LitaAgentP03f.088dd430,scml.oneshot.sysagents.DefaultOneShotAdapter:litaagent_std.litaagent_p.LitaAgentP,0,[],0,40,0,0,0,21,0,80,0,80,80,0,0,0,20,6.00004568696022e-07,0,[]
000220251128H130949687433kHMw_LitaAgentY-LitaAgentYR-LitaAgentP03f.088dd430,scml.oneshot.sysagents.DefaultOneShotAdapter:scml.oneshot.agents.rand.EqualDistOneShotAgent,0,[],0,138,0,0,0,70,0,80,0,80,31,0,49,0,69,2.00001522898674e-07,0,[]
000220251128H130949687433kHMw_LitaAgentY-LitaAgentYR-LitaAgentP03f.088dd430,scml.oneshot.sysagents.DefaultOneShotAdapter:scml.oneshot.agents.greedy.GreedyOneShotAgent,0,[],0,302,0,0,0,153,0,160,80,160,49,80,111,5,151,2.998858690261841e-07,0,[]
000220251128H130949687433kHMw_LitaAgentY-LitaAgentYR-LitaAgentP03f.088dd430,scml.oneshot.sysagents.DefaultOneShotAdapter:litaagent_std.litaagent_yr.LitaAgentYR,0,[],0,66,0,0,0,34,0,80,80,80,67,80,13,9,33,1.0011717677116394e-07,0,[]
000220251128H130949687433kHMw_LitaAgentY-LitaAgentYR-LitaAgentP03f.088dd430,scml.oneshot.sysagents.DefaultOneShotAdapter:scml.oneshot.agents.rand.RandDistOneShotAgent,0,[],0,230,0,0,0,117,0,160,160,160,83,160,75,0,115,2.998858690261841e-07,0,[]
000220251128H130949687433kHMw_LitaAgentY-LitaAgentYR-LitaAgentP03f.088dd430,scml.oneshot.sysagents.DefaultOneShotAdapter:litaagent_std.litaagent_y.LitaAgentY,0,[],0,100,0,0,0,51,0,80,0,80,48,0,30,4,50,2.00001522898674e-07,0,[]
000220251128H130949687433kHMw_LitaAgentY-LitaAgentYR-LitaAgentP03f.088dd430,System,0,[],0,320,0,0,0,168,0,0,0,0,0,0,0,0,160,2.00001522898674e-07,0,[]
000020251128H1309496249196qBU_LitaAgentC-LitaAgentN-LitaAgentPJRL.01ba250b,scml.oneshot.sysagents.DefaultOneShotAdapter:litaagent_std.litaagent_p.LitaAgentP,0,[],0,40,0,0,0,21,0,120,0,120,120,0,0,0,20,7.00121745467186e-07,0,[]
000020251128H1309496249196qBU_LitaAgentC-LitaAgentN-LitaAgentPJRL.01ba250b,scml.oneshot.sysagents.DefaultOneShotAdapter:litaagent_std.litaagent_n.LitaAgentN,0,[],0,198,0,0,0,100,0,120,0,120,41,0,79,0,99,2.00001522898674e-07,0,[]
000020251128H1309496249196qBU_LitaAgentC-LitaAgentN-LitaAgentPJRL.01ba250b,scml.oneshot.sysagents.DefaultOneShotAdapter:scml.oneshot.agents.rand.EqualDistOneShotAgent,0,[],0,434,0,0,0,220,0,320,200,320,163,200,157,0,217,3.0011869966983795e-07,0,[]
000020251128H1309496249196qBU_LitaAgentC-LitaAgentN-LitaAgentPJRL.01ba250b,scml.oneshot.sysagents.DefaultOneShotAdapter:scml.oneshot.agents.greedy.GreedyOneShotAgent,0,[],0,372,0,0,0,188,0,220,100,220,74,100,146,0,186,3.0011869966983795e-07,0,[]
000020251128H1309496249196qBU_LitaAgentC-LitaAgentN-LitaAgentPJRL.01ba250b,scml.oneshot.sysagents.DefaultOneShotAdapter:litaagent_std.litaagent_cir.LitaAgentCIR,0,[],0,40,0,0,0,21,0,100,100,100,100,100,0,0,20,1.0011717677116394e-07,0,[]
000020251128H1309496249196qBU_LitaAgentC-LitaAgentN-LitaAgentPJRL.01ba250b,scml.oneshot.sysagents.DefaultOneShotAdapter:scml.oneshot.agents.rand.RandDistOneShotAgent,0,[],0,456,0,0,0,231,0,320,200,320,152,200,168,0,228,3.9977021515369415e-07,0,[]
000020251128H1309496249196qBU_LitaAgentC-LitaAgentN-LitaAgentPJRL.01ba250b,System,0,[],0,440,0,0,0,231,0,0,0,0,0,0,0,0,220,3.0011869966983795e-07,0,[]
000120251128H130949660922ppJj_LitaAgentN-LitaAgentP-MRYW.05d3f3c5,scml.oneshot.sysagents.DefaultOneShotAdapter:litaagent_std.litaagent_p.LitaAgentP,0,[],0,40,0,0,0,21,0,120,0,120,120,0,0,0,20,9.0012326836586e-07,0,[]
000120251128H130949660922ppJj_LitaAgentN-LitaAgentP-MRYW.05d3f3c5,scml.oneshot.sysagents.DefaultOneShotAdapter:litaagent_std.litaagent_n.LitaAgentN,0,[],0,40,0,0,0,21,0,100,100,100,100,100,0,0,20,2.00001522898674e-07,0,[]
000120251128H130949660922ppJj_LitaAgentN-LitaAgentP-MRYW.05d3f3c5,scml.oneshot.sysagents.DefaultOneShotAdapter:scml.oneshot.agents.rand.EqualDistOneShotAgent,0,[],0,434,0,0,0,220,0,320,200,320,163,200,157,0,217,5.00120222568512e-07,0,[]
000120251128H130949660922ppJj_LitaAgentN-LitaAgentP-MRYW.05d3f3c5,scml.oneshot.sysagents.DefaultOneShotAdapter:scml_agents.scml2025.oneshot.mat.mat.MATAgent,0,[],0,140,0,0,0,71,0,100,100,100,50,100,50,0,70,2.00001522898674e-07,0,[]
000120251128H130949660922ppJj_LitaAgentN-LitaAgentP-MRYW.05d3f3c5,scml.oneshot.sysagents.DefaultOneShotAdapter:scml.oneshot.agents.greedy.GreedyOneShotAgent,0,[],0,348,0,0,0,176,0,220,100,220,86,100,134,0,174,2.996530383825302e-07,0,[]
000120251128H130949660922ppJj_LitaAgentN-LitaAgentP-MRYW.05d3f3c5,scml.oneshot.sysagents.DefaultOneShotAdapter:scml.oneshot.agents.rand.RandDistOneShotAgent,0,[],0,486,0,0,0,246,0,340,100,340,157,100,183,0,243,6.00004568696022e-07,0,[]
000120251128H130949660922ppJj_LitaAgentN-LitaAgentP-MRYW.05d3f3c5,System,0,[],0,440,0,0,0,231,0,0,0,0,0,0,0,0,220,4.00003045797348e-07,0,[]
000020251128H1309496249196qBU_LitaAgentY-LitaAgentP-MYxc.007bedc0,scml.oneshot.sysagents.DefaultOneShotAdapter:litaagent_std.litaagent_p.LitaAgentP,0,[],0,40,0,0,0,21,0,120,0,120,120,0,0,0,20,1.00000761449337e-06,0,[]
000020251128H1309496249196qBU_LitaAgentY-LitaAgentP-MYxc.007bedc0,scml.oneshot.sysagents.DefaultOneShotAdapter:scml.oneshot.agents.rand.EqualDistOneShotAgent,0,[],0,448,0,0,0,227,0,320,200,320,156,200,164,0,224,6.00004568696022e-07,0,[]
000020251128H1309496249196qBU_LitaAgentY-LitaAgentP-MYxc.007bedc0,scml.oneshot.sysagents.DefaultOneShotAdapter:scml_agents.scml2025.oneshot.mat.mat.MATAgent,0,[],0,130,0,0,0,66,0,100,100,100,55,100,45,0,65,2.00001522898674e-07,0,[]
000020251128H1309496249196qBU_LitaAgentY-LitaAgentP-MYxc.007bedc0,scml.oneshot.sysagents.DefaultOneShotAdapter:scml.oneshot.agents.greedy.GreedyOneShotAgent,0,[],0,374,0,0,0,189,0,220,100,220,73,100,147,0,187,4.00003045797348e-07,0,[]
000020251128H1309496249196qBU_LitaAgentY-LitaAgentP-MYxc.007bedc0,scml.oneshot.sysagents.DefaultOneShotAdapter:scml.oneshot.agents.rand.RandDistOneShotAgent,0,[],0,482,0,0,0,244,0,320,200,320,139,200,181,0,241,6.00004568696022e-07,0,[]
000020251128H1309496249196qBU_LitaAgentY-LitaAgentP-MYxc.007bedc0,scml.oneshot.sysagents.DefaultOneShotAdapter:litaagent_std.litaagent_y.LitaAgentY,0,[],0,126,0,0,0,64,0,120,0,120,77,0,43,0,63,4.00003045797348e-07,0,[]
000020251128H1309496249196qBU_LitaAgentY-LitaAgentP-MYxc.007bedc0,System,0,[],0,440,0,0,0,231,0,0,0,0,0,0,0,0,220,5.00120222568512e-07,0,[]
000020251128H1309496249196qBU_LitaAgentY-LitaAgentYR-LitaAgentPB2u.01726f43,scml.oneshot.sysagents.DefaultOneShotAdapter:litaagent_std.litaagent_p.LitaAgentP,0,[],0,40,0,0,0,21,0,120,0,120,120,0,0,0,20,4.998873919248581e-07,0,[]
000020251128H1309496249196qBU_LitaAgentY-LitaAgentYR-LitaAgentPB2u.01726f43,scml.oneshot.sysagents.DefaultOneShotAdapter:scml.oneshot.agents.rand.EqualDistOneShotAgent,0,[],0,462,0,0,0,234,0,320,200,320,148,200,171,0,231,4.00003045797348e-07,0,[]
000020251128H1309496249196qBU_LitaAgentY-LitaAgentYR-LitaAgentPB2u.01726f43,scml.oneshot.sysagents.DefaultOneShotAdapter:scml.oneshot.agents.greedy.GreedyOneShotAgent,0,[],0,372,0,0,0,188,0,220,100,220,74,100,146,9,186,1.9976869225502014e-07,0,[]
000020251128H1309496249196qBU_LitaAgentY-LitaAgentYR-LitaAgentPB2u.01726f43,scml.oneshot.sysagents.DefaultOneShotAdapter:litaagent_std.litaagent_yr.LitaAgentYR,0,[],0,102,0,0,0,52,0,100,100,100,69,100,31,17,51,1.0011717677116394e-07,0,[]
000020251128H1309496249196qBU_LitaAgentY-LitaAgentYR-LitaAgentPB2u.01726f43,scml.oneshot.sysagents.DefaultOneShotAdapter:scml.oneshot.agents.rand.RandDistOneShotAgent,0,[],0,476,0,0,0,241,0,320,200,320,141,200,178,0,238,3.9977021515369415e-07,0,[]
000020251128H1309496249196qBU_LitaAgentY-LitaAgentYR-LitaAgentPB2u.01726f43,scml.oneshot.sysagents.DefaultOneShotAdapter:litaagent_std.litaagent_y.LitaAgentY,0,[],0,112,0,0,0,57,0,120,0,120,82,0,36,8,56,1.0011717677116394e-07,0,[]
000020251128H1309496249196qBU_LitaAgentY-LitaAgentYR-LitaAgentPB2u.01726f43,System,0,[],0,440,0,0,0,231,0,0,0,0,0,0,0,0,220,2.0023435354232788e-07,0,[]
000120251128H130949660922ppJj_LitaAgentY-LitaAgentC-LitaAgentPYEh.037389df,scml.oneshot.sysagents.DefaultOneShotAdapter:litaagent_std.litaagent_p.LitaAgentP,0,[],0,40,0,0,0,21,0,100,100,100,100,100,0,0,20,2.998858690261841e-07,0,[]
000120251128H130949660922ppJj_LitaAgentY-LitaAgentC-LitaAgentPYEh.037389df,scml.oneshot.sysagents.DefaultOneShotAdapter:scml.oneshot.agents.rand.EqualDistOneShotAgent,0,[],0,486,0,0,0,246,0,320,200,320,137,200,183,1,243,6.998889148235321e-07,0,[]
000120251128H130949660922ppJj_LitaAgentY-LitaAgentC-LitaAgentPYEh.037389df,scml.oneshot.sysagents.DefaultOneShotAdapter:scml.oneshot.agents.greedy.GreedyOneShotAgent,0,[],0,366,0,0,0,185,0,220,100,220,77,100,143,13,183,7.00121745467186e-07,0,[]
000120251128H130949660922ppJj_LitaAgentY-LitaAgentC-LitaAgentPYEh.037389df,scml.oneshot.sysagents.DefaultOneShotAdapter:litaagent_std.litaagent_cir.LitaAgentCIR,0,[],0,142,0,0,0,72,0,120,0,120,69,0,51,13,71,1.0998919606208801e-06,0,[]
000120251128H130949660922ppJj_LitaAgentY-LitaAgentC-LitaAgentPYEh.037389df,scml.oneshot.sysagents.DefaultOneShotAdapter:litaagent_std.litaagent_yr.LitaAgentYR,0,[],0,126,0,0,0,64,0,100,100,100,57,100,43,27,63,2.00001522898674e-07,0,[]
000120251128H130949660922ppJj_LitaAgentY-LitaAgentC-LitaAgentPYEh.037389df,scml.oneshot.sysagents.DefaultOneShotAdapter:scml.oneshot.agents.rand.RandDistOneShotAgent,0,[],0,512,0,0,0,259,0,340,100,340,144,100,196,0,256,8.002389222383499e-07,0,[]
000120251128H130949660922ppJj_LitaAgentY-LitaAgentC-LitaAgentPYEh.037389df,System,0,[],0,440,0,0,0,231,0,0,0,0,0,0,0,0,220,5.00120222568512e-07,0,[]
000220251128H130949687433kHMw_LitaAgentY-LitaAgentN-LitaAgentP3v0.07cc1365,scml.oneshot.sysagents.DefaultOneShotAdapter:litaagent_std.litaagent_n.LitaAgentN,0,[],0,144,0,0,0,73,0,80,0,80,28,0,52,0,72,8.998904377222061e-07,0,[]
000220251128H130949687433kHMw_LitaAgentY-LitaAgentN-LitaAgentP3v0.07cc1365,scml.oneshot.sysagents.DefaultOneShotAdapter:litaagent_std.litaagent_p.LitaAgentP,0,[],0,40,0,0,0,21,0,80,80,80,80,80,0,0,20,2.998858690261841e-07,0,[]
000220251128H130949687433kHMw_LitaAgentY-LitaAgentN-LitaAgentP3v0.07cc1365,scml.oneshot.sysagents.DefaultOneShotAdapter:scml.oneshot.agents.rand.EqualDistOneShotAgent,0,[],0,116,0,0,0,59,0,80,0,80,42,0,38,0,58,2.00001522898674e-07,0,[]
000220251128H130949687433kHMw_LitaAgentY-LitaAgentN-LitaAgentP3v0.07cc1365,scml.oneshot.sysagents.DefaultOneShotAdapter:scml.oneshot.agents.greedy.GreedyOneShotAgent,0,[],0,332,0,0,0,168,0,160,80,160,34,80,126,0,166,5.00120222568512e-07,0,[]
000220251128H130949687433kHMw_LitaAgentY-LitaAgentN-LitaAgentP3v0.07cc1365,scml.oneshot.sysagents.DefaultOneShotAdapter:scml.oneshot.agents.rand.RandDistOneShotAgent,0,[],0,274,0,0,0,139,0,160,160,160,63,160,97,1,137,4.00003045797348e-07,0,[]
000220251128H130949687433kHMw_LitaAgentY-LitaAgentN-LitaAgentP3v0.07cc1365,scml.oneshot.sysagents.DefaultOneShotAdapter:litaagent_std.litaagent_y.LitaAgentY,0,[],0,118,0,0,0,60,0,80,0,80,41,0,39,1,59,2.00001522898674e-07,0,[]
000220251128H130949687433kHMw_LitaAgentY-LitaAgentN-LitaAgentP3v0.07cc1365,System,0,[],0,320,0,0,0,168,0,0,0,0,0,0,0,0,160,4.00003045797348e-07,0,[]
000120251128H130949660922ppJj_LitaAgentC-LitaAgentN-LitaAgentP3OG.0443976e,scml.oneshot.sysagents.DefaultOneShotAdapter:litaagent_std.litaagent_p.LitaAgentP,0,[],0,40,0,0,0,21,0,100,100,100,100,100,0,0,20,2.00001522898674e-07,0,[]
000120251128H130949660922ppJj_LitaAgentC-LitaAgentN-LitaAgentP3OG.0443976e,scml.oneshot.sysagents.DefaultOneShotAdapter:litaagent_std.litaagent_n.LitaAgentN,0,[],0,40,0,0,0,21,0,100,100,100,100,100,0,0,20,2.998858690261841e-07,0,[]
000120251128H130949660922ppJj_LitaAgentC-LitaAgentN-LitaAgentP3OG.0443976e,scml.oneshot.sysagents.DefaultOneShotAdapter:scml.oneshot.agents.rand.EqualDistOneShotAgent,0,[],0,462,0,0,0,234,0,320,200,320,149,200,171,0,231,7.00121745467186e-07,0,[]
000120251128H130949660922ppJj_LitaAgentC-LitaAgentN-LitaAgentP3OG.0443976e,scml.oneshot.sysagents.DefaultOneShotAdapter:scml.oneshot.agents.greedy.GreedyOneShotAgent,0,[],0,392,0,0,0,198,0,220,100,220,64,100,156,0,196,4.00003045797348e-07,0,[]
000120251128H130949660922ppJj_LitaAgentC-LitaAgentN-LitaAgentP3OG.0443976e,scml.oneshot.sysagents.DefaultOneShotAdapter:litaagent_std.litaagent_cir.LitaAgentCIR,0,[],0,136,0,0,0,69,0,120,0,120,72,0,48,0,68,1.200009137392044e-06,0,[]
000120251128H130949660922ppJj_LitaAgentC-LitaAgentN-LitaAgentP3OG.0443976e,scml.oneshot.sysagents.DefaultOneShotAdapter:scml.oneshot.agents.rand.RandDistOneShotAgent,0,[],0,470,0,0,0,238,0,340,100,340,165,100,175,0,235,6.998889148235321e-07,0,[]
000120251128H130949660922ppJj_LitaAgentC-LitaAgentN-LitaAgentP3OG.0443976e,System,0,[],0,440,0,0,0,231,0,0,0,0,0,0,0,0,220,4.00003045797348e-07,0,[]
000220251128H130949687433kHMw_LitaAgentY-LitaAgentYR-MQt9.07fe3e02,scml.oneshot.sysagents.DefaultOneShotAdapter:scml_agents.scml2025.oneshot.mat.mat.MATAgent,0,[],0,128,0,0,0,65,0,80,80,80,36,80,44,0,64,2.00001522898674e-07,0,[]
000220251128H130949687433kHMw_LitaAgentY-LitaAgentYR-MQt9.07fe3e02,scml.oneshot.sysagents.DefaultOneShotAdapter:scml.oneshot.agents.rand.EqualDistOneShotAgent,0,[],0,144,0,0,0,73,0,80,0,80,28,0,52,0,72,2.00001522898674e-07,0,[]
000220251128H130949687433kHMw_LitaAgentY-LitaAgentYR-MQt9.07fe3e02,scml.oneshot.sysagents.DefaultOneShotAdapter:scml.oneshot.agents.greedy.GreedyOneShotAgent,0,[],0,352,0,0,0,178,0,160,80,160,24,80,136,0,176,4.00003045797348e-07,0,[]
000220251128H130949687433kHMw_LitaAgentY-LitaAgentYR-MQt9.07fe3e02,scml.oneshot.sysagents.DefaultOneShotAdapter:litaagent_std.litaagent_yr.LitaAgentYR,0,[],0,130,0,0,0,66,0,80,0,80,35,0,45,0,65,4.00003045797348e-07,0,[]
000220251128H130949687433kHMw_LitaAgentY-LitaAgentYR-MQt9.07fe3e02,scml.oneshot.sysagents.DefaultOneShotAdapter:scml.oneshot.agents.rand.RandDistOneShotAgent,0,[],0,258,0,0,0,131,0,160,160,160,69,160,89,2,129,4.00003045797348e-07,0,[]
000220251128H130949687433kHMw_LitaAgentY-LitaAgentYR-MQt9.07fe3e02,scml.oneshot.sysagents.DefaultOneShotAdapter:litaagent_std.litaagent_y.LitaAgentY,0,[],0,128,0,0,0,65,0,80,0,80,34,0,44,2,64,2.00001522898674e-07,0,[]
000220251128H130949687433kHMw_LitaAgentY-LitaAgentYR-MQt9.07fe3e02,System,0,[],0,320,0,0,0,168,0,0,0,0,0,0,0,0,160,4.00003045797348e-07,0,[]
000120251128H130949660922ppJj_LitaAgentY-LitaAgentYR-LitaAgentCrqf.04d2efcb,scml.oneshot.sysagents.DefaultOneShotAdapter:scml.oneshot.agents.rand.EqualDistOneShotAgent,0,[],0,452,0,0,0,229,0,320,200,320,154,200,166,0,226,3.0011869966983795e-07,0,[]
000120251128H130949660922ppJj_LitaAgentY-LitaAgentYR-LitaAgentCrqf.04d2efcb,scml.oneshot.sysagents.DefaultOneShotAdapter:scml.oneshot.agents.greedy.GreedyOneShotAgent,0,[],0,380,0,0,0,192,0,220,100,220,70,100,150,14,190,3.0011869966983795e-07,0,[]
000120251128H130949660922ppJj_LitaAgentY-LitaAgentYR-LitaAgentCrqf.04d2efcb,scml.oneshot.sysagents.DefaultOneShotAdapter:litaagent_std.litaagent_cir.LitaAgentCIR,0,[],0,40,0,0,0,21,0,100,100,100,100,100,0,0,20,9.988434612751007e-08,0,[]
000120251128H130949660922ppJj_LitaAgentY-LitaAgentYR-LitaAgentCrqf.04d2efcb,scml.oneshot.sysagents.DefaultOneShotAdapter:litaagent_std.litaagent_yr.LitaAgentYR,0,[],0,128,0,0,0,65,0,100,100,100,56,100,44,30,64,1.0011717677116394e-07,0,[]
000120251128H130949660922ppJj_LitaAgentY-LitaAgentYR-LitaAgentCrqf.04d2efcb,scml.oneshot.sysagents.DefaultOneShotAdapter:scml.oneshot.agents.rand.RandDistOneShotAgent,0,[],0,488,0,0,0,247,0,340,100,340,156,100,184,5,244,3.0011869966983795e-07,0,[]
000120251128H130949660922ppJj_LitaAgentY-LitaAgentYR-LitaAgentCrqf.04d2efcb,scml.oneshot.sysagents.DefaultOneShotAdapter:litaagent_std.litaagent_y.LitaAgentY,0,[],0,112,0,0,0,57,0,120,0,120,84,0,36,15,56,6.00004568696022e-07,0,[]
000120251128H130949660922ppJj_LitaAgentY-LitaAgentYR-LitaAgentCrqf.04d2efcb,System,0,[],0,440,0,0,0,231,0,0,0,0,0,0,0,0,220,1.9976869225502014e-07,0,[]
000020251128H1309496249196qBU_LitaAgentY-LitaAgentC-LitaAgentNQAS.00d2498f,scml.oneshot.sysagents.DefaultOneShotAdapter:litaagent_std.litaagent_n.LitaAgentN,0,[],0,40,0,0,0,21,0,100,100,100,100,100,0,0,20,1.0011717677116394e-07,0,[]
000020251128H1309496249196qBU_LitaAgentY-LitaAgentC-LitaAgentNQAS.00d2498f,scml.oneshot.sysagents.DefaultOneShotAdapter:scml.oneshot.agents.rand.EqualDistOneShotAgent,0,[],0,466,0,0,0,236,0,320,200,320,147,200,173,0,233,3.0011869966983795e-07,0,[]
000020251128H1309496249196qBU_LitaAgentY-LitaAgentC-LitaAgentNQAS.00d2498f,scml.oneshot.sysagents.DefaultOneShotAdapter:scml.oneshot.agents.greedy.GreedyOneShotAgent,0,[],0,406,0,0,0,205,0,220,100,220,57,100,163,0,203,3.0011869966983795e-07,0,[]
000020251128H1309496249196qBU_LitaAgentY-LitaAgentC-LitaAgentNQAS.00d2498f,scml.oneshot.sysagents.DefaultOneShotAdapter:litaagent_std.litaagent_cir.LitaAgentCIR,0,[],0,190,0,0,0,96,0,120,0,120,45,0,75,0,95,8.00006091594696e-07,0,[]
000020251128H1309496249196qBU_LitaAgentY-LitaAgentC-LitaAgentNQAS.00d2498f,scml.oneshot.sysagents.DefaultOneShotAdapter:scml.oneshot.agents.rand.RandDistOneShotAgent,0,[],0,508,0,0,0,257,0,320,200,320,126,200,194,0,254,5.00120222568512e-07,0,[]
000020251128H1309496249196qBU_LitaAgentY-LitaAgentC-LitaAgentNQAS.00d2498f,scml.oneshot.sysagents.DefaultOneShotAdapter:litaagent_std.litaagent_y.LitaAgentY,0,[],0,142,0,0,0,72,0,120,0,120,69,0,51,0,71,2.00001522898674e-07,0,[]
000020251128H1309496249196qBU_LitaAgentY-LitaAgentC-LitaAgentNQAS.00d2498f,System,0,[],0,440,0,0,0,231,0,0,0,0,0,0,0,0,220,2.00001522898674e-07,0,[]
000020251128H1309496249196qBU_LitaAgentN-LitaAgentP-MG1B.02c501a7,scml.oneshot.sysagents.DefaultOneShotAdapter:litaagent_std.litaagent_p.LitaAgentP,0,[],0,40,0,0,0,21,0,120,0,120,120,0,0,0,20,1.00000761449337e-06,0,[]
000020251128H1309496249196qBU_LitaAgentN-LitaAgentP-MG1B.02c501a7,scml.oneshot.sysagents.DefaultOneShotAdapter:litaagent_std.litaagent_n.LitaAgentN,0,[],0,200,0,0,0,101,0,120,0,120,40,0,80,0,100,1.0011717677116394e-07,0,[]
000020251128H1309496249196qBU_LitaAgentN-LitaAgentP-MG1B.02c501a7,scml.oneshot.sysagents.DefaultOneShotAdapter:scml.oneshot.agents.rand.EqualDistOneShotAgent,0,[],0,482,0,0,0,244,0,320,200,320,139,200,181,0,241,4.00003045797348e-07,0,[]
000020251128H1309496249196qBU_LitaAgentN-LitaAgentP-MG1B.02c501a7,scml.oneshot.sysagents.DefaultOneShotAdapter:scml_agents.scml2025.oneshot.mat.mat.MATAgent,0,[],0,136,0,0,0,69,0,100,100,100,52,100,48,0,68,1.0011717677116394e-07,0,[]
000020251128H1309496249196qBU_LitaAgentN-LitaAgentP-MG1B.02c501a7,scml.oneshot.sysagents.DefaultOneShotAdapter:scml.oneshot.agents.greedy.GreedyOneShotAgent,0,[],0,330,0,0,0,167,0,220,100,220,95,100,125,0,165,2.00001522898674e-07,0,[]
000020251128H1309496249196qBU_LitaAgentN-LitaAgentP-MG1B.02c501a7,scml.oneshot.sysagents.DefaultOneShotAdapter:scml.oneshot.agents.rand.RandDistOneShotAgent,0,[],0,504,0,0,0,255,0,320,200,320,128,200,192,0,252,2.998858690261841e-07,0,[]
000020251128H1309496249196qBU_LitaAgentN-LitaAgentP-MG1B.02c501a7,System,0,[],0,440,0,0,0,231,0,0,0,0,0,0,0,0,220,2.00001522898674e-07,0,[]
000120251128H130949660922ppJj_LitaAgentY-LitaAgentP-M50P.04c35a8d,scml.oneshot.sysagents.DefaultOneShotAdapter:litaagent_std.litaagent_p.LitaAgentP,0,[],0,40,0,0,0,21,0,120,0,120,120,0,0,0,20,6.998889148235321e-07,0,[]
000120251128H130949660922ppJj_LitaAgentY-LitaAgentP-M50P.04c35a8d,scml.oneshot.sysagents.DefaultOneShotAdapter:scml.oneshot.agents.rand.EqualDistOneShotAgent,0,[],0,460,0,0,0,233,0,320,200,320,150,200,170,0,230,3.003515303134918e-07,0,[]
000120251128H130949660922ppJj_LitaAgentY-LitaAgentP-M50P.04c35a8d,scml.oneshot.sysagents.DefaultOneShotAdapter:scml_agents.scml2025.oneshot.mat.mat.MATAgent,0,[],0,138,0,0,0,70,0,100,100,100,51,100,49,0,69,1.0011717677116394e-07,0,[]
000120251128H130949660922ppJj_LitaAgentY-LitaAgentP-M50P.04c35a8d,scml.oneshot.sysagents.DefaultOneShotAdapter:scml.oneshot.agents.greedy.GreedyOneShotAgent,0,[],0,304,0,0,0,154,0,220,100,220,108,100,112,15,152,4.00003045797348e-07,0,[]
000120251128H130949660922ppJj_LitaAgentY-LitaAgentP-M50P.04c35a8d,scml.oneshot.sysagents.DefaultOneShotAdapter:litaagent_std.litaagent_yr.LitaAgentYR,0,[],0,136,0,0,0,69,0,100,100,100,52,100,48,15,68,1.0011717677116394e-07,0,[]
000120251128H130949660922ppJj_LitaAgentY-LitaAgentP-M50P.04c35a8d,scml.oneshot.sysagents.DefaultOneShotAdapter:scml.oneshot.agents.rand.RandDistOneShotAgent,0,[],0,526,0,0,0,266,0,340,100,340,137,100,203,0,263,4.002358764410019e-07,0,[]
000120251128H130949660922ppJj_LitaAgentY-LitaAgentP-M50P.04c35a8d,System,0,[],0,440,0,0,0,231,0,0,0,0,0,0,0,0,220,2.00001522898674e-07,0,[]
000120251128H130949660922ppJj_LitaAgentC-LitaAgentN-MPco.03847e2d,scml.oneshot.sysagents.DefaultOneShotAdapter:litaagent_std.litaagent_n.LitaAgentN,0,[],0,40,0,0,0,21,0,100,100,100,100,100,0,0,20,3.0011869966983795e-07,0,[]
000120251128H130949660922ppJj_LitaAgentC-LitaAgentN-MPco.03847e2d,scml.oneshot.sysagents.DefaultOneShotAdapter:scml.oneshot.agents.rand.EqualDistOneShotAgent,0,[],0,414,0,0,0,210,0,320,200,320,173,200,147,0,207,8.00006091594696e-07,0,[]
000120251128H130949660922ppJj_LitaAgentC-LitaAgentN-MPco.03847e2d,scml.oneshot.sysagents.DefaultOneShotAdapter:scml_agents.scml2025.oneshot.mat.mat.MATAgent,0,[],0,152,0,0,0,77,0,120,0,120,64,0,56,0,76,8.998904377222061e-07,0,[]
000120251128H130949660922ppJj_LitaAgentC-LitaAgentN-MPco.03847e2d,scml.oneshot.sysagents.DefaultOneShotAdapter:scml.oneshot.agents.greedy.GreedyOneShotAgent,0,[],0,368,0,0,0,186,0,220,100,220,76,100,144,0,184,2.998858690261841e-07,0,[]
000120251128H130949660922ppJj_LitaAgentC-LitaAgentN-MPco.03847e2d,scml.oneshot.sysagents.DefaultOneShotAdapter:litaagent_std.litaagent_cir.LitaAgentCIR,0,[],0,40,0,0,0,21,0,100,100,100,100,100,0,0,20,3.0011869966983795e-07,0,[]
000120251128H130949660922ppJj_LitaAgentC-LitaAgentN-MPco.03847e2d,scml.oneshot.sysagents.DefaultOneShotAdapter:scml.oneshot.agents.rand.RandDistOneShotAgent,0,[],0,454,0,0,0,230,0,340,100,340,173,100,167,0,227,6.00004568696022e-07,0,[]
000120251128H130949660922ppJj_LitaAgentC-LitaAgentN-MPco.03847e2d,System,0,[],0,440,0,0,0,231,0,0,0,0,0,0,0,0,220,4.00003045797348e-07,0,[]
000020251128H1309496249196qBU_LitaAgentY-LitaAgentN-LitaAgentPgqH.02facb6e,scml.oneshot.sysagents.DefaultOneShotAdapter:litaagent_std.litaagent_n.LitaAgentN,0,[],0,208,0,0,0,105,0,120,0,120,36,0,84,0,104,1.400010660290718e-06,0,[]
000020251128H1309496249196qBU_LitaAgentY-LitaAgentN-LitaAgentPgqH.02facb6e,scml.oneshot.sysagents.DefaultOneShotAdapter:litaagent_std.litaagent_p.LitaAgentP,0,[],0,40,0,0,0,21,0,100,100,100,100,100,0,0,20,2.00001522898674e-07,0,[]
000020251128H1309496249196qBU_LitaAgentY-LitaAgentN-LitaAgentPgqH.02facb6e,scml.oneshot.sysagents.DefaultOneShotAdapter:scml.oneshot.agents.rand.EqualDistOneShotAgent,0,[],0,472,0,0,0,239,0,320,200,320,144,200,176,0,236,6.00004568696022e-07,0,[]
000020251128H1309496249196qBU_LitaAgentY-LitaAgentN-LitaAgentPgqH.02facb6e,scml.oneshot.sysagents.DefaultOneShotAdapter:scml.oneshot.agents.greedy.GreedyOneShotAgent,0,[],0,416,0,0,0,210,0,220,100,220,52,100,168,0,208,4.00003045797348e-07,0,[]
000020251128H1309496249196qBU_LitaAgentY-LitaAgentN-LitaAgentPgqH.02facb6e,scml.oneshot.sysagents.DefaultOneShotAdapter:litaagent_std.litaagent_yr.LitaAgentYR,0,[],0,124,0,0,0,63,0,120,0,120,78,0,42,0,62,3.0011869966983795e-07,0,[]
000020251128H1309496249196qBU_LitaAgentY-LitaAgentN-LitaAgentPgqH.02facb6e,scml.oneshot.sysagents.DefaultOneShotAdapter:scml.oneshot.agents.rand.RandDistOneShotAgent,0,[],0,492,0,0,0,249,0,320,200,320,134,200,186,0,246,6.998889148235321e-07,0,[]
000020251128H1309496249196qBU_LitaAgentY-LitaAgentN-LitaAgentPgqH.02facb6e,System,0,[],0,440,0,0,0,231,0,0,0,0,0,0,0,0,220,5.00120222568512e-07,0,[]
000220251128H130949687433kHMw_LitaAgentY-LitaAgentYR-LitaAgentNbua.061c734c,scml.oneshot.sysagents.DefaultOneShotAdapter:litaagent_std.litaagent_n.LitaAgentN,0,[],0,40,0,0,0,21,0,80,80,80,80,80,0,0,20,9.988434612751007e-08,0,[]
000220251128H130949687433kHMw_LitaAgentY-LitaAgentYR-LitaAgentNbua.061c734c,scml.oneshot.sysagents.DefaultOneShotAdapter:scml.oneshot.agents.rand.EqualDistOneShotAgent,0,[],0,134,0,0,0,68,0,80,0,80,33,0,47,1,67,2.00001522898674e-07,0,[]
000220251128H130949687433kHMw_LitaAgentY-LitaAgentYR-LitaAgentNbua.061c734c,scml.oneshot.sysagents.DefaultOneShotAdapter:scml.oneshot.agents.greedy.GreedyOneShotAgent,0,[],0,350,0,0,0,177,0,160,80,160,25,80,135,0,175,4.00003045797348e-07,0,[]
000220251128H130949687433kHMw_LitaAgentY-LitaAgentYR-LitaAgentNbua.061c734c,scml.oneshot.sysagents.DefaultOneShotAdapter:litaagent_std.litaagent_yr.LitaAgentYR,0,[],0,108,0,0,0,55,0,80,0,80,46,0,34,0,54,4.00003045797348e-07,0,[]
000220251128H130949687433kHMw_LitaAgentY-LitaAgentYR-LitaAgentNbua.061c734c,scml.oneshot.sysagents.DefaultOneShotAdapter:scml.oneshot.agents.rand.RandDistOneShotAgent,0,[],0,266,0,0,0,135,0,160,160,160,67,160,93,1,133,4.998873919248581e-07,0,[]
000220251128H130949687433kHMw_LitaAgentY-LitaAgentYR-LitaAgentNbua.061c734c,scml.oneshot.sysagents.DefaultOneShotAdapter:litaagent_std.litaagent_y.LitaAgentY,0,[],0,114,0,0,0,58,0,80,0,80,43,0,37,0,57,9.997747838497162e-07,0,[]
000220251128H130949687433kHMw_LitaAgentY-LitaAgentYR-LitaAgentNbua.061c734c,System,0,[],0,320,0,0,0,168,0,0,0,0,0,0,0,0,160,4.998873919248581e-07,0,[]
000220251128H130949687433kHMw_LitaAgentY-LitaAgentC-LitaAgentNZ8D.0749c13a,scml.oneshot.sysagents.DefaultOneShotAdapter:litaagent_std.litaagent_n.LitaAgentN,0,[],0,150,0,0,0,76,0,80,0,80,25,0,55,0,75,2.00001522898674e-07,0,[]
000220251128H130949687433kHMw_LitaAgentY-LitaAgentC-LitaAgentNZ8D.0749c13a,scml.oneshot.sysagents.DefaultOneShotAdapter:scml.oneshot.agents.rand.EqualDistOneShotAgent,0,[],0,106,0,0,0,54,0,80,0,80,47,0,33,0,53,2.00001522898674e-07,0,[]
000220251128H130949687433kHMw_LitaAgentY-LitaAgentC-LitaAgentNZ8D.0749c13a,scml.oneshot.sysagents.DefaultOneShotAdapter:scml.oneshot.agents.greedy.GreedyOneShotAgent,0,[],0,342,0,0,0,173,0,160,80,160,29,80,131,0,171,5.00120222568512e-07,0,[]
000220251128H130949687433kHMw_LitaAgentY-LitaAgentC-LitaAgentNZ8D.0749c13a,scml.oneshot.sysagents.DefaultOneShotAdapter:litaagent_std.litaagent_cir.LitaAgentCIR,0,[],0,40,0,0,0,21,0,80,80,80,80,80,0,0,20,9.988434612751007e-08,0,[]
000220251128H130949687433kHMw_LitaAgentY-LitaAgentC-LitaAgentNZ8D.0749c13a,scml.oneshot.sysagents.DefaultOneShotAdapter:scml.oneshot.agents.rand.RandDistOneShotAgent,0,[],0,260,0,0,0,132,0,160,160,160,70,160,90,1,130,4.998873919248581e-07,0,[]
000220251128H130949687433kHMw_LitaAgentY-LitaAgentC-LitaAgentNZ8D.0749c13a,scml.oneshot.sysagents.DefaultOneShotAdapter:litaagent_std.litaagent_y.LitaAgentY,0,[],0,102,0,0,0,52,0,80,0,80,49,0,31,1,51,7.00121745467186e-07,0,[]
000220251128H130949687433kHMw_LitaAgentY-LitaAgentC-LitaAgentNZ8D.0749c13a,System,0,[],0,320,0,0,0,168,0,0,0,0,0,0,0,0,160,4.00003045797348e-07,0,[]
000220251128H130949687433kHMw_LitaAgentY-LitaAgentC-LitaAgentNp4Y.086559c1,scml.oneshot.sysagents.DefaultOneShotAdapter:litaagent_std.litaagent_n.LitaAgentN,0,[],0,152,0,0,0,77,0,80,0,80,24,0,56,0,76,2.00001522898674e-07,0,[]
000220251128H130949687433kHMw_LitaAgentY-LitaAgentC-LitaAgentNp4Y.086559c1,scml.oneshot.sysagents.DefaultOneShotAdapter:scml.oneshot.agents.rand.EqualDistOneShotAgent,0,[],0,110,0,0,0,56,0,80,0,80,45,0,35,0,55,2.00001522898674e-07,0,[]
000220251128H130949687433kHMw_LitaAgentY-LitaAgentC-LitaAgentNp4Y.086559c1,scml.oneshot.sysagents.DefaultOneShotAdapter:scml.oneshot.agents.greedy.GreedyOneShotAgent,0,[],0,338,0,0,0,171,0,160,80,160,31,80,129,0,169,3.0011869966983795e-07,0,[]
000220251128H130949687433kHMw_LitaAgentY-LitaAgentC-LitaAgentNp4Y.086559c1,scml.oneshot.sysagents.DefaultOneShotAdapter:litaagent_std.litaagent_cir.LitaAgentCIR,0,[],0,40,0,0,0,21,0,80,80,80,80,80,0,0,20,1.0011717677116394e-07,0,[]
000220251128H130949687433kHMw_LitaAgentY-LitaAgentC-LitaAgentNp4Y.086559c1,scml.oneshot.sysagents.DefaultOneShotAdapter:litaagent_std.litaagent_yr.LitaAgentYR,0,[],0,102,0,0,0,52,0,80,0,80,49,0,31,2,51,6.998889148235321e-07,0,[]
000220251128H130949687433kHMw_LitaAgentY-LitaAgentC-LitaAgentNp4Y.086559c1,scml.oneshot.sysagents.DefaultOneShotAdapter:scml.oneshot.agents.rand.RandDistOneShotAgent,0,[],0,266,0,0,0,135,0,160,160,160,67,160,93,2,133,2.00001522898674e-07,0,[]
000220251128H130949687433kHMw_LitaAgentY-LitaAgentC-LitaAgentNp4Y.086559c1,System,0,[],0,320,0,0,0,168,0,0,0,0,0,0,0,0,160,3.0011869966983795e-07,0,[]
000220251128H130949687433kHMw_LitaAgentY-LitaAgentC-LitaAgentNp4Y.068719a3,scml.oneshot.sysagents.DefaultOneShotAdapter:litaagent_std.litaagent_n.LitaAgentN,0,[],0,40,0,0,0,21,0,80,80,80,80,80,0,0,20,9.988434612751007e-08,0,[]
000220251128H130949687433kHMw_LitaAgentY-LitaAgentC-LitaAgentNp4Y.068719a3,scml.oneshot.sysagents.DefaultOneShotAdapter:scml.oneshot.agents.rand.EqualDistOneShotAgent,0,[],0,124,0,0,0,63,0,80,0,80,38,0,42,0,62,2.00001522898674e-07,0,[]
000220251128H130949687433kHMw_LitaAgentY-LitaAgentC-LitaAgentNp4Y.068719a3,scml.oneshot.sysagents.DefaultOneShotAdapter:scml.oneshot.agents.greedy.GreedyOneShotAgent,0,[],0,340,0,0,0,172,0,160,80,160,30,80,130,0,170,4.00003045797348e-07,0,[]
000220251128H130949687433kHMw_LitaAgentY-LitaAgentC-LitaAgentNp4Y.068719a3,scml.oneshot.sysagents.DefaultOneShotAdapter:litaagent_std.litaagent_cir.LitaAgentCIR,0,[],0,136,0,0,0,69,0,80,0,80,32,0,48,0,68,8.00006091594696e-07,0,[]
000220251128H130949687433kHMw_LitaAgentY-LitaAgentC-LitaAgentNp4Y.068719a3,scml.oneshot.sysagents.DefaultOneShotAdapter:litaagent_std.litaagent_yr.LitaAgentYR,0,[],0,120,0,0,0,61,0,80,0,80,40,0,40,0,60,3.0011869966983795e-07,0,[]
000220251128H130949687433kHMw_LitaAgentY-LitaAgentC-LitaAgentNp4Y.068719a3,scml.oneshot.sysagents.DefaultOneShotAdapter:scml.oneshot.agents.rand.RandDistOneShotAgent,0,[],0,284,0,0,0,144,0,160,160,160,58,160,102,0,142,2.00001522898674e-07,0,[]
000220251128H130949687433kHMw_LitaAgentY-LitaAgentC-LitaAgentNp4Y.068719a3,System,0,[],0,320,0,0,0,168,0,0,0,0,0,0,0,0,160,4.00003045797348e-07,0,[]
000220251128H130949687433kHMw_LitaAgentY-LitaAgentP-MyM0.082fa557,scml.oneshot.sysagents.DefaultOneShotAdapter:litaagent_std.litaagent_p.LitaAgentP,0,[],0,40,0,0,0,21,0,80,0,80,80,0,0,0,20,6.00004568696022e-07,0,[]
000220251128H130949687433kHMw_LitaAgentY-LitaAgentP-MyM0.082fa557,scml.oneshot.sysagents.DefaultOneShotAdapter:scml_agents.scml2025.oneshot.mat.mat.MATAgent,0,[],0,122,0,0,0,62,0,80,80,80,39,80,41,0,61,9.988434612751007e-08,0,[]
000220251128H130949687433kHMw_LitaAgentY-LitaAgentP-MyM0.082fa557,scml.oneshot.sysagents.DefaultOneShotAdapter:scml.oneshot.agents.rand.EqualDistOneShotAgent,0,[],0,126,0,0,0,64,0,80,0,80,37,0,43,0,63,1.0011717677116394e-07,0,[]
000220251128H130949687433kHMw_LitaAgentY-LitaAgentP-MyM0.082fa557,scml.oneshot.sysagents.DefaultOneShotAdapter:scml.oneshot.agents.greedy.GreedyOneShotAgent,0,[],0,350,0,0,0,177,0,160,80,160,25,80,135,0,175,2.00001522898674e-07,0,[]
000220251128H130949687433kHMw_LitaAgentY-LitaAgentP-MyM0.082fa557,scml.oneshot.sysagents.DefaultOneShotAdapter:scml.oneshot.agents.rand.RandDistOneShotAgent,0,[],0,214,0,0,0,109,0,160,160,160,93,160,67,2,107,3.0011869966983795e-07,0,[]
000220251128H130949687433kHMw_LitaAgentY-LitaAgentP-MyM0.082fa557,scml.oneshot.sysagents.DefaultOneShotAdapter:litaagent_std.litaagent_y.LitaAgentY,0,[],0,128,0,0,0,65,0,80,0,80,36,0,44,2,64,2.00001522898674e-07,0,[]
000220251128H130949687433kHMw_LitaAgentY-LitaAgentP-MyM0.082fa557,System,0,[],0,320,0,0,0,168,0,0,0,0,0,0,0,0,160,2.00001522898674e-07,0,[]
000120251128H130949660922ppJj_LitaAgentC-LitaAgentP-MOwT.05eeca02,scml.oneshot.sysagents.DefaultOneShotAdapter:litaagent_std.litaagent_p.LitaAgentP,0,[],0,40,0,0,0,21,0,120,0,120,120,0,0,0,20,1.00000761449337e-06,0,[]
000120251128H130949660922ppJj_LitaAgentC-LitaAgentP-MOwT.05eeca02,scml.oneshot.sysagents.DefaultOneShotAdapter:scml.oneshot.agents.rand.EqualDistOneShotAgent,0,[],0,454,0,0,0,230,0,320,200,320,153,200,167,0,227,6.998889148235321e-07,0,[]
000120251128H130949660922ppJj_LitaAgentC-LitaAgentP-MOwT.05eeca02,scml.oneshot.sysagents.DefaultOneShotAdapter:scml_agents.scml2025.oneshot.mat.mat.MATAgent,0,[],0,152,0,0,0,77,0,100,100,100,44,100,56,0,76,2.00001522898674e-07,0,[]
000120251128H130949660922ppJj_LitaAgentC-LitaAgentP-MOwT.05eeca02,scml.oneshot.sysagents.DefaultOneShotAdapter:scml.oneshot.agents.greedy.GreedyOneShotAgent,0,[],0,350,0,0,0,177,0,220,100,220,85,100,135,0,175,4.998873919248581e-07,0,[]
000120251128H130949660922ppJj_LitaAgentC-LitaAgentP-MOwT.05eeca02,scml.oneshot.sysagents.DefaultOneShotAdapter:litaagent_std.litaagent_cir.LitaAgentCIR,0,[],0,40,0,0,0,21,0,100,100,100,100,100,0,0,20,2.998858690261841e-07,0,[]
000120251128H130949660922ppJj_LitaAgentC-LitaAgentP-MOwT.05eeca02,scml.oneshot.sysagents.DefaultOneShotAdapter:scml.oneshot.agents.rand.RandDistOneShotAgent,0,[],0,476,0,0,0,241,0,340,100,340,162,100,178,0,238,6.998889148235321e-07,0,[]
000120251128H130949660922ppJj_LitaAgentC-LitaAgentP-MOwT.05eeca02,System,0,[],0,440,0,0,0,231,0,0,0,0,0,0,0,0,220,4.00003045797348e-07,0,[]
000020251128H1309496249196qBU_LitaAgentY-LitaAgentYR-LitaAgentC0pL.00cd8128,scml.oneshot.sysagents.DefaultOneShotAdapter:scml.oneshot.agents.rand.EqualDistOneShotAgent,0,[],0,520,0,0,0,263,0,320,200,320,120,200,200,0,260,3.003515303134918e-07,0,[]
000020251128H1309496249196qBU_LitaAgentY-LitaAgentYR-LitaAgentC0pL.00cd8128,scml.oneshot.sysagents.DefaultOneShotAdapter:scml.oneshot.agents.greedy.GreedyOneShotAgent,0,[],0,418,0,0,0,211,0,220,100,220,51,100,169,0,209,2.00001522898674e-07,0,[]
000020251128H1309496249196qBU_LitaAgentY-LitaAgentYR-LitaAgentC0pL.00cd8128,scml.oneshot.sysagents.DefaultOneShotAdapter:litaagent_std.litaagent_cir.LitaAgentCIR,0,[],0,176,0,0,0,89,0,120,0,120,51,0,68,0,88,6.00004568696022e-07,0,[]
000020251128H1309496249196qBU_LitaAgentY-LitaAgentYR-LitaAgentC0pL.00cd8128,scml.oneshot.sysagents.DefaultOneShotAdapter:litaagent_std.litaagent_yr.LitaAgentYR,0,[],0,158,0,0,0,80,0,120,0,120,60,0,59,0,79,2.00001522898674e-07,0,[]
000020251128H1309496249196qBU_LitaAgentY-LitaAgentYR-LitaAgentC0pL.00cd8128,scml.oneshot.sysagents.DefaultOneShotAdapter:scml.oneshot.agents.rand.RandDistOneShotAgent,0,[],0,556,0,0,0,281,0,320,200,320,102,200,218,0,278,4.002358764410019e-07,0,[]
000020251128H1309496249196qBU_LitaAgentY-LitaAgentYR-LitaAgentC0pL.00cd8128,scml.oneshot.sysagents.DefaultOneShotAdapter:litaagent_std.litaagent_y.LitaAgentY,0,[],0,124,0,0,0,63,0,100,100,100,56,100,42,0,62,9.988434612751007e-08,0,[]
000020251128H1309496249196qBU_LitaAgentY-LitaAgentYR-LitaAgentC0pL.00cd8128,System,0,[],0,440,0,0,0,231,0,0,0,0,0,0,0,0,220,2.0023435354232788e-07,0,[]
000020251128H1309496249196qBU_LitaAgentY-LitaAgentC-LitaAgentPKLe.016acd60,scml.oneshot.sysagents.DefaultOneShotAdapter:litaagent_std.litaagent_p.LitaAgentP,0,[],0,40,0,0,0,21,0,100,100,100,100,100,0,0,20,1.0011717677116394e-07,0,[]
000020251128H1309496249196qBU_LitaAgentY-LitaAgentC-LitaAgentPKLe.016acd60,scml.oneshot.sysagents.DefaultOneShotAdapter:scml.oneshot.agents.rand.EqualDistOneShotAgent,0,[],0,480,0,0,0,243,0,320,200,320,139,200,180,0,240,3.9977021515369415e-07,0,[]
000020251128H1309496249196qBU_LitaAgentY-LitaAgentC-LitaAgentPKLe.016acd60,scml.oneshot.sysagents.DefaultOneShotAdapter:scml.oneshot.agents.greedy.GreedyOneShotAgent,0,[],0,404,0,0,0,204,0,220,100,220,58,100,162,0,202,2.00001522898674e-07,0,[]
000020251128H1309496249196qBU_LitaAgentY-LitaAgentC-LitaAgentPKLe.016acd60,scml.oneshot.sysagents.DefaultOneShotAdapter:litaagent_std.litaagent_cir.LitaAgentCIR,0,[],0,186,0,0,0,94,0,120,0,120,47,0,73,0,93,9.988434612751007e-08,0,[]
000020251128H1309496249196qBU_LitaAgentY-LitaAgentC-LitaAgentPKLe.016acd60,scml.oneshot.sysagents.DefaultOneShotAdapter:scml.oneshot.agents.rand.RandDistOneShotAgent,0,[],0,492,0,0,0,249,0,320,200,320,134,200,186,0,246,2.998858690261841e-07,0,[]
000020251128H1309496249196qBU_LitaAgentY-LitaAgentC-LitaAgentPKLe.016acd60,scml.oneshot.sysagents.DefaultOneShotAdapter:litaagent_std.litaagent_y.LitaAgentY,0,[],0,150,0,0,0,76,0,120,0,120,64,0,55,0,75,5.00120222568512e-07,0,[]
000020251128H1309496249196qBU_LitaAgentY-LitaAgentC-LitaAgentPKLe.016acd60,System,0,[],0,440,0,0,0,231,0,0,0,0,0,0,0,0,220,4.00003045797348e-07,0,[]
000220251128H130949687433kHMw_LitaAgentN-LitaAgentP-MPdT.065356f0,scml.oneshot.sysagents.DefaultOneShotAdapter:litaagent_std.litaagent_n.LitaAgentN,0,[],0,172,0,0,0,87,0,80,0,80,14,0,66,0,86,6.00004568696022e-07,0,[]
000220251128H130949687433kHMw_LitaAgentN-LitaAgentP-MPdT.065356f0,scml.oneshot.sysagents.DefaultOneShotAdapter:litaagent_std.litaagent_p.LitaAgentP,0,[],0,40,0,0,0,21,0,80,0,80,80,0,0,0,20,2.00001522898674e-07,0,[]
000220251128H130949687433kHMw_LitaAgentN-LitaAgentP-MPdT.065356f0,scml.oneshot.sysagents.DefaultOneShotAdapter:scml.oneshot.agents.rand.EqualDistOneShotAgent,0,[],0,140,0,0,0,71,0,80,0,80,30,0,50,0,70,9.988434612751007e-08,0,[]
000220251128H130949687433kHMw_LitaAgentN-LitaAgentP-MPdT.065356f0,scml.oneshot.sysagents.DefaultOneShotAdapter:scml_agents.scml2025.oneshot.mat.mat.MATAgent,0,[],0,124,0,0,0,63,0,80,80,80,38,80,42,0,62,1.0011717677116394e-07,0,[]
000220251128H130949687433kHMw_LitaAgentN-LitaAgentP-MPdT.065356f0,scml.oneshot.sysagents.DefaultOneShotAdapter:scml.oneshot.agents.greedy.GreedyOneShotAgent,0,[],0,326,0,0,0,165,0,160,80,160,37,80,123,0,163,3.0011869966983795e-07,0,[]
000220251128H130949687433kHMw_LitaAgentN-LitaAgentP-MPdT.065356f0,scml.oneshot.sysagents.DefaultOneShotAdapter:scml.oneshot.agents.rand.RandDistOneShotAgent,0,[],0,262,0,0,0,133,0,160,160,160,69,160,91,0,131,2.0023435354232788e-07,0,[]
000220251128H130949687433kHMw_LitaAgentN-LitaAgentP-MPdT.065356f0,System,0,[],0,320,0,0,0,168,0,0,0,0,0,0,0,0,160,2.998858690261841e-07,0,[]
000020251128H1309496249196qBU_LitaAgentY-LitaAgentN-LitaAgentPgqH.01e1e64d,scml.oneshot.sysagents.DefaultOneShotAdapter:litaagent_std.litaagent_p.LitaAgentP,0,[],0,40,0,0,0,21,0,120,0,120,120,0,0,0,20,2.998858690261841e-07,0,[]
000020251128H1309496249196qBU_LitaAgentY-LitaAgentN-LitaAgentPgqH.01e1e64d,scml.oneshot.sysagents.DefaultOneShotAdapter:litaagent_std.litaagent_n.LitaAgentN,0,[],0,40,0,0,0,21,0,100,100,100,100,100,0,0,20,2.998858690261841e-07,0,[]
000020251128H1309496249196qBU_LitaAgentY-LitaAgentN-LitaAgentPgqH.01e1e64d,scml.oneshot.sysagents.DefaultOneShotAdapter:scml.oneshot.agents.rand.EqualDistOneShotAgent,0,[],0,428,0,0,0,217,0,320,200,320,166,200,154,0,214,6.00004568696022e-07,0,[]
000020251128H1309496249196qBU_LitaAgentY-LitaAgentN-LitaAgentPgqH.01e1e64d,scml.oneshot.sysagents.DefaultOneShotAdapter:scml.oneshot.agents.greedy.GreedyOneShotAgent,0,[],0,396,0,0,0,200,0,220,100,220,62,100,158,0,198,4.998873919248581e-07,0,[]
000020251128H1309496249196qBU_LitaAgentY-LitaAgentN-LitaAgentPgqH.01e1e64d,scml.oneshot.sysagents.DefaultOneShotAdapter:litaagent_std.litaagent_yr.LitaAgentYR,0,[],0,120,0,0,0,61,0,120,0,120,79,0,40,0,60,8.00006091594696e-07,0,[]
000020251128H1309496249196qBU_LitaAgentY-LitaAgentN-LitaAgentPgqH.01e1e64d,scml.oneshot.sysagents.DefaultOneShotAdapter:scml.oneshot.agents.rand.RandDistOneShotAgent,0,[],0,452,0,0,0,229,0,320,200,320,153,200,166,0,226,7.00121745467186e-07,0,[]
000020251128H1309496249196qBU_LitaAgentY-LitaAgentN-LitaAgentPgqH.01e1e64d,System,0,[],0,440,0,0,0,231,0,0,0,0,0,0,0,0,220,4.00003045797348e-07,0,[]
000020251128H1309496249196qBU_LitaAgentY-LitaAgentC-M9Cy.01189d52,scml.oneshot.sysagents.DefaultOneShotAdapter:scml.oneshot.agents.rand.EqualDistOneShotAgent,0,[],0,504,0,0,0,255,0,320,200,320,128,200,192,0,252,3.0011869966983795e-07,0,[]
000020251128H1309496249196qBU_LitaAgentY-LitaAgentC-M9Cy.01189d52,scml.oneshot.sysagents.DefaultOneShotAdapter:scml_agents.scml2025.oneshot.mat.mat.MATAgent,0,[],0,136,0,0,0,69,0,100,100,100,52,100,48,0,68,1.0011717677116394e-07,0,[]
000020251128H1309496249196qBU_LitaAgentY-LitaAgentC-M9Cy.01189d52,scml.oneshot.sysagents.DefaultOneShotAdapter:scml.oneshot.agents.greedy.GreedyOneShotAgent,0,[],0,366,0,0,0,185,0,220,100,220,77,100,143,0,183,2.0023435354232788e-07,0,[]
000020251128H1309496249196qBU_LitaAgentY-LitaAgentC-M9Cy.01189d52,scml.oneshot.sysagents.DefaultOneShotAdapter:litaagent_std.litaagent_cir.LitaAgentCIR,0,[],0,194,0,0,0,98,0,120,0,120,43,0,77,0,97,1.0011717677116394e-07,0,[]
000020251128H1309496249196qBU_LitaAgentY-LitaAgentC-M9Cy.01189d52,scml.oneshot.sysagents.DefaultOneShotAdapter:scml.oneshot.agents.rand.RandDistOneShotAgent,0,[],0,542,0,0,0,274,0,320,200,320,109,200,211,0,271,6.00004568696022e-07,0,[]
000020251128H1309496249196qBU_LitaAgentY-LitaAgentC-M9Cy.01189d52,scml.oneshot.sysagents.DefaultOneShotAdapter:litaagent_std.litaagent_y.LitaAgentY,0,[],0,158,0,0,0,80,0,120,0,120,61,0,59,0,79,6.00004568696022e-07,0,[]
000020251128H1309496249196qBU_LitaAgentY-LitaAgentC-M9Cy.01189d52,System,0,[],0,440,0,0,0,231,0,0,0,0,0,0,0,0,220,4.00003045797348e-07,0,[]
000020251128H1309496249196qBU_LitaAgentY-LitaAgentC-LitaAgentPKLe.00678c0d,scml.oneshot.sysagents.DefaultOneShotAdapter:litaagent_std.litaagent_p.LitaAgentP,0,[],0,40,0,0,0,21,0,120,0,120,120,0,0,0,20,2.00001522898674e-07,0,[]
000020251128H1309496249196qBU_LitaAgentY-LitaAgentC-LitaAgentPKLe.00678c0d,scml.oneshot.sysagents.DefaultOneShotAdapter:scml.oneshot.agents.rand.EqualDistOneShotAgent,0,[],0,486,0,0,0,246,0,320,200,320,137,200,183,0,243,4.00003045797348e-07,0,[]
000020251128H1309496249196qBU_LitaAgentY-LitaAgentC-LitaAgentPKLe.00678c0d,scml.oneshot.sysagents.DefaultOneShotAdapter:scml.oneshot.agents.greedy.GreedyOneShotAgent,0,[],0,392,0,0,0,198,0,220,100,220,64,100,156,0,196,2.00001522898674e-07,0,[]
000020251128H1309496249196qBU_LitaAgentY-LitaAgentC-LitaAgentPKLe.00678c0d,scml.oneshot.sysagents.DefaultOneShotAdapter:litaagent_std.litaagent_cir.LitaAgentCIR,0,[],0,142,0,0,0,72,0,120,0,120,68,0,51,0,71,6.00004568696022e-07,0,[]
000020251128H1309496249196qBU_LitaAgentY-LitaAgentC-LitaAgentPKLe.00678c0d,scml.oneshot.sysagents.DefaultOneShotAdapter:scml.oneshot.agents.rand.RandDistOneShotAgent,0,[],0,496,0,0,0,251,0,320,200,320,132,200,188,0,248,3.9977021515369415e-07,0,[]
000020251128H1309496249196qBU_LitaAgentY-LitaAgentC-LitaAgentPKLe.00678c0d,scml.oneshot.sysagents.DefaultOneShotAdapter:litaagent_std.litaagent_y.LitaAgentY,0,[],0,116,0,0,0,59,0,100,100,100,61,100,38,0,58,2.00001522898674e-07,0,[]
000020251128H1309496249196qBU_LitaAgentY-LitaAgentC-LitaAgentPKLe.00678c0d,System,0,[],0,440,0,0,0,231,0,0,0,0,0,0,0,0,220,2.00001522898674e-07,0,[]
000220251128H130949687433kHMw_LitaAgentY-LitaAgentN-LitaAgentPwc9.0777908a,scml.oneshot.sysagents.DefaultOneShotAdapter:litaagent_std.litaagent_p.LitaAgentP,0,[],0,40,0,0,0,21,0,80,0,80,80,0,0,0,20,2.00001522898674e-07,0,[]
000220251128H130949687433kHMw_LitaAgentY-LitaAgentN-LitaAgentPwc9.0777908a,scml.oneshot.sysagents.DefaultOneShotAdapter:litaagent_std.litaagent_n.LitaAgentN,0,[],0,40,0,0,0,21,0,80,80,80,80,80,0,0,20,9.988434612751007e-08,0,[]
000220251128H130949687433kHMw_LitaAgentY-LitaAgentN-LitaAgentPwc9.0777908a,scml.oneshot.sysagents.DefaultOneShotAdapter:scml.oneshot.agents.rand.EqualDistOneShotAgent,0,[],0,120,0,0,0,61,0,80,0,80,40,0,40,0,60,2.00001522898674e-07,0,[]
000220251128H130949687433kHMw_LitaAgentY-LitaAgentN-LitaAgentPwc9.0777908a,scml.oneshot.sysagents.DefaultOneShotAdapter:scml.oneshot.agents.greedy.GreedyOneShotAgent,0,[],0,314,0,0,0,159,0,160,80,160,43,80,117,0,157,4.00003045797348e-07,0,[]
000220251128H130949687433kHMw_LitaAgentY-LitaAgentN-LitaAgentPwc9.0777908a,scml.oneshot.sysagents.DefaultOneShotAdapter:litaagent_std.litaagent_yr.LitaAgentYR,0,[],0,96,0,0,0,49,0,80,0,80,52,0,28,1,48,1.00000761449337e-06,0,[]
000220251128H130949687433kHMw_LitaAgentY-LitaAgentN-LitaAgentPwc9.0777908a,scml.oneshot.sysagents.DefaultOneShotAdapter:scml.oneshot.agents.rand.RandDistOneShotAgent,0,[],0,222,0,0,0,113,0,160,160,160,89,160,71,1,111,2.998858690261841e-07,0,[]
000220251128H130949687433kHMw_LitaAgentY-LitaAgentN-LitaAgentPwc9.0777908a,System,0,[],0,320,0,0,0,168,0,0,0,0,0,0,0,0,160,4.998873919248581e-07,0,[]
000120251128H130949660922ppJj_LitaAgentY-LitaAgentP-M50P.05732ab5,scml.oneshot.sysagents.DefaultOneShotAdapter:litaagent_std.litaagent_p.LitaAgentP,0,[],0,40,0,0,0,21,0,100,100,100,100,100,0,0,20,3.0011869966983795e-07,0,[]
000120251128H130949660922ppJj_LitaAgentY-LitaAgentP-M50P.05732ab5,scml.oneshot.sysagents.DefaultOneShotAdapter:scml.oneshot.agents.rand.EqualDistOneShotAgent,0,[],0,464,0,0,0,235,0,320,200,320,148,200,172,0,232,8.998904377222061e-07,0,[]
000120251128H130949660922ppJj_LitaAgentY-LitaAgentP-M50P.05732ab5,scml.oneshot.sysagents.DefaultOneShotAdapter:scml_agents.scml2025.oneshot.mat.mat.MATAgent,0,[],0,142,0,0,0,72,0,100,100,100,49,100,51,0,71,2.00001522898674e-07,0,[]
000120251128H130949660922ppJj_LitaAgentY-LitaAgentP-M50P.05732ab5,scml.oneshot.sysagents.DefaultOneShotAdapter:scml.oneshot.agents.greedy.GreedyOneShotAgent,0,[],0,394,0,0,0,199,0,220,100,220,63,100,157,0,197,6.00004568696022e-07,0,[]
000120251128H130949660922ppJj_LitaAgentY-LitaAgentP-M50P.05732ab5,scml.oneshot.sysagents.DefaultOneShotAdapter:litaagent_std.litaagent_yr.LitaAgentYR,0,[],0,122,0,0,0,62,0,120,0,120,79,0,41,0,61,1.00000761449337e-06,0,[]
000120251128H130949660922ppJj_LitaAgentY-LitaAgentP-M50P.05732ab5,scml.oneshot.sysagents.DefaultOneShotAdapter:scml.oneshot.agents.rand.RandDistOneShotAgent,0,[],0,490,0,0,0,248,0,340,100,340,155,100,185,0,245,8.00006091594696e-07,0,[]
000120251128H130949660922ppJj_LitaAgentY-LitaAgentP-M50P.05732ab5,System,0,[],0,440,0,0,0,231,0,0,0,0,0,0,0,0,220,6.998889148235321e-07,0,[]
000120251128H130949660922ppJj_LitaAgentY-LitaAgentC-LitaAgentNrpw.053eca69,scml.oneshot.sysagents.DefaultOneShotAdapter:litaagent_std.litaagent_n.LitaAgentN,0,[],0,40,0,0,0,21,0,100,100,100,100,100,0,0,20,2.00001522898674e-07,0,[]
000120251128H130949660922ppJj_LitaAgentY-LitaAgentC-LitaAgentNrpw.053eca69,scml.oneshot.sysagents.DefaultOneShotAdapter:scml.oneshot.agents.rand.EqualDistOneShotAgent,0,[],0,434,0,0,0,220,0,320,200,320,163,200,157,0,217,4.002358764410019e-07,0,[]
000120251128H130949660922ppJj_LitaAgentY-LitaAgentC-LitaAgentNrpw.053eca69,scml.oneshot.sysagents.DefaultOneShotAdapter:scml.oneshot.agents.greedy.GreedyOneShotAgent,0,[],0,392,0,0,0,198,0,220,100,220,64,100,156,0,196,3.0011869966983795e-07,0,[]
000120251128H130949660922ppJj_LitaAgentY-LitaAgentC-LitaAgentNrpw.053eca69,scml.oneshot.sysagents.DefaultOneShotAdapter:litaagent_std.litaagent_cir.LitaAgentCIR,0,[],0,40,0,0,0,21,0,100,100,100,100,100,0,0,20,1.0011717677116394e-07,0,[]
000120251128H130949660922ppJj_LitaAgentY-LitaAgentC-LitaAgentNrpw.053eca69,scml.oneshot.sysagents.DefaultOneShotAdapter:litaagent_std.litaagent_yr.LitaAgentYR,0,[],0,124,0,0,0,63,0,120,0,120,78,0,42,0,62,6.998889148235321e-07,0,[]
000120251128H130949660922ppJj_LitaAgentY-LitaAgentC-LitaAgentNrpw.053eca69,scml.oneshot.sysagents.DefaultOneShotAdapter:scml.oneshot.agents.rand.RandDistOneShotAgent,0,[],0,462,0,0,0,234,0,340,100,340,169,100,171,0,231,3.9977021515369415e-07,0,[]
000120251128H130949660922ppJj_LitaAgentY-LitaAgentC-LitaAgentNrpw.053eca69,System,0,[],0,440,0,0,0,231,0,0,0,0,0,0,0,0,220,2.00001522898674e-07,0,[]
000220251128H130949687433kHMw_LitaAgentC-LitaAgentN-Mtrt.0688cf79,scml.oneshot.sysagents.DefaultOneShotAdapter:litaagent_std.litaagent_n.LitaAgentN,0,[],0,40,0,0,0,21,0,80,80,80,80,80,0,0,20,2.00001522898674e-07,0,[]
000220251128H130949687433kHMw_LitaAgentC-LitaAgentN-Mtrt.0688cf79,scml.oneshot.sysagents.DefaultOneShotAdapter:scml.oneshot.agents.rand.EqualDistOneShotAgent,0,[],0,114,0,0,0,58,0,80,0,80,43,0,37,0,57,2.00001522898674e-07,0,[]
000220251128H130949687433kHMw_LitaAgentC-LitaAgentN-Mtrt.0688cf79,scml.oneshot.sysagents.DefaultOneShotAdapter:scml_agents.scml2025.oneshot.mat.mat.MATAgent,0,[],0,148,0,0,0,75,0,80,0,80,26,0,54,0,74,1.200009137392044e-06,0,[]
000220251128H130949687433kHMw_LitaAgentC-LitaAgentN-Mtrt.0688cf79,scml.oneshot.sysagents.DefaultOneShotAdapter:scml.oneshot.agents.greedy.GreedyOneShotAgent,0,[],0,344,0,0,0,174,0,160,80,160,28,80,132,0,172,4.998873919248581e-07,0,[]
000220251128H130949687433kHMw_LitaAgentC-LitaAgentN-Mtrt.0688cf79,scml.oneshot.sysagents.DefaultOneShotAdapter:litaagent_std.litaagent_cir.LitaAgentCIR,0,[],0,134,0,0,0,68,0,80,0,80,33,0,47,0,67,2.998858690261841e-07,0,[]
000220251128H130949687433kHMw_LitaAgentC-LitaAgentN-Mtrt.0688cf79,scml.oneshot.sysagents.DefaultOneShotAdapter:scml.oneshot.agents.rand.RandDistOneShotAgent,0,[],0,304,0,0,0,154,0,160,160,160,48,160,112,0,152,4.00003045797348e-07,0,[]
000220251128H130949687433kHMw_LitaAgentC-LitaAgentN-Mtrt.0688cf79,System,0,[],0,320,0,0,0,168,0,0,0,0,0,0,0,0,160,6.00004568696022e-07,0,[]
000020251128H1309496249196qBU_LitaAgentC-LitaAgentN-LitaAgentPJRL.02220291,scml.oneshot.sysagents.DefaultOneShotAdapter:litaagent_std.litaagent_n.LitaAgentN,0,[],0,202,0,0,0,102,0,120,0,120,39,0,81,0,101,8.00006091594696e-07,0,[]
000020251128H1309496249196qBU_LitaAgentC-LitaAgentN-LitaAgentPJRL.02220291,scml.oneshot.sysagents.DefaultOneShotAdapter:litaagent_std.litaagent_p.LitaAgentP,0,[],0,40,0,0,0,21,0,100,100,100,100,100,0,0,20,3.0011869966983795e-07,0,[]
000020251128H1309496249196qBU_LitaAgentC-LitaAgentN-LitaAgentPJRL.02220291,scml.oneshot.sysagents.DefaultOneShotAdapter:scml.oneshot.agents.rand.EqualDistOneShotAgent,0,[],0,506,0,0,0,256,0,320,200,320,127,200,193,0,253,6.998889148235321e-07,0,[]
000020251128H1309496249196qBU_LitaAgentC-LitaAgentN-LitaAgentPJRL.02220291,scml.oneshot.sysagents.DefaultOneShotAdapter:scml.oneshot.agents.greedy.GreedyOneShotAgent,0,[],0,406,0,0,0,205,0,220,100,220,57,100,163,0,203,4.998873919248581e-07,0,[]
000020251128H1309496249196qBU_LitaAgentC-LitaAgentN-LitaAgentPJRL.02220291,scml.oneshot.sysagents.DefaultOneShotAdapter:litaagent_std.litaagent_cir.LitaAgentCIR,0,[],0,180,0,0,0,91,0,120,0,120,50,0,70,0,90,2.998858690261841e-07,0,[]
000020251128H1309496249196qBU_LitaAgentC-LitaAgentN-LitaAgentPJRL.02220291,scml.oneshot.sysagents.DefaultOneShotAdapter:scml.oneshot.agents.rand.RandDistOneShotAgent,0,[],0,522,0,0,0,264,0,320,200,320,119,200,201,0,261,6.998889148235321e-07,0,[]
000020251128H1309496249196qBU_LitaAgentC-LitaAgentN-LitaAgentPJRL.02220291,System,0,[],0,440,0,0,0,231,0,0,0,0,0,0,0,0,220,3.0011869966983795e-07,0,[]
000120251128H130949660922ppJj_LitaAgentC-LitaAgentN-LitaAgentP3OG.03e91f59,scml.oneshot.sysagents.DefaultOneShotAdapter:litaagent_std.litaagent_p.LitaAgentP,0,[],0,40,0,0,0,21,0,120,0,120,120,0,0,0,20,6.998889148235321e-07,0,[]
000120251128H130949660922ppJj_LitaAgentC-LitaAgentN-LitaAgentP3OG.03e91f59,scml.oneshot.sysagents.DefaultOneShotAdapter:litaagent_std.litaagent_n.LitaAgentN,0,[],0,40,0,0,0,21,0,100,100,100,100,100,0,0,20,1.0011717677116394e-07,0,[]
000120251128H130949660922ppJj_LitaAgentC-LitaAgentN-LitaAgentP3OG.03e91f59,scml.oneshot.sysagents.DefaultOneShotAdapter:scml.oneshot.agents.rand.EqualDistOneShotAgent,0,[],0,388,0,0,0,197,0,320,200,320,186,200,134,0,194,4.00003045797348e-07,0,[]
000120251128H130949660922ppJj_LitaAgentC-LitaAgentN-LitaAgentP3OG.03e91f59,scml.oneshot.sysagents.DefaultOneShotAdapter:scml.oneshot.agents.greedy.GreedyOneShotAgent,0,[],0,364,0,0,0,184,0,220,100,220,78,100,142,0,182,2.998858690261841e-07,0,[]
000120251128H130949660922ppJj_LitaAgentC-LitaAgentN-LitaAgentP3OG.03e91f59,scml.oneshot.sysagents.DefaultOneShotAdapter:litaagent_std.litaagent_cir.LitaAgentCIR,0,[],0,40,0,0,0,21,0,100,100,100,100,100,0,0,20,9.988434612751007e-08,0,[]
000120251128H130949660922ppJj_LitaAgentC-LitaAgentN-LitaAgentP3OG.03e91f59,scml.oneshot.sysagents.DefaultOneShotAdapter:scml.oneshot.agents.rand.RandDistOneShotAgent,0,[],0,416,0,0,0,211,0,340,100,340,192,100,148,0,208,4.00003045797348e-07,0,[]
000120251128H130949660922ppJj_LitaAgentC-LitaAgentN-LitaAgentP3OG.03e91f59,System,0,[],0,440,0,0,0,231,0,0,0,0,0,0,0,0,220,2.998858690261841e-07,0,[]
000020251128H1309496249196qBU_LitaAgentY-LitaAgentP-MYxc.0127e3a5,scml.oneshot.sysagents.DefaultOneShotAdapter:litaagent_std.litaagent_p.LitaAgentP,0,[],0,40,0,0,0,21,0,120,0,120,120,0,0,0,20,2.00001522898674e-07,0,[]
000020251128H1309496249196qBU_LitaAgentY-LitaAgentP-MYxc.0127e3a5,scml.oneshot.sysagents.DefaultOneShotAdapter:scml.oneshot.agents.rand.EqualDistOneShotAgent,0,[],0,470,0,0,0,238,0,320,200,320,145,200,175,0,235,2.996530383825302e-07,0,[]
000020251128H1309496249196qBU_LitaAgentY-LitaAgentP-MYxc.0127e3a5,scml.oneshot.sysagents.DefaultOneShotAdapter:scml_agents.scml2025.oneshot.mat.mat.MATAgent,0,[],0,168,0,0,0,85,0,120,0,120,56,0,64,0,84,5.00120222568512e-07,0,[]
000020251128H1309496249196qBU_LitaAgentY-LitaAgentP-MYxc.0127e3a5,scml.oneshot.sysagents.DefaultOneShotAdapter:scml.oneshot.agents.greedy.GreedyOneShotAgent,0,[],0,386,0,0,0,195,0,220,100,220,67,100,153,0,193,4.00003045797348e-07,0,[]
000020251128H1309496249196qBU_LitaAgentY-LitaAgentP-MYxc.0127e3a5,scml.oneshot.sysagents.DefaultOneShotAdapter:scml.oneshot.agents.rand.RandDistOneShotAgent,0,[],0,498,0,0,0,252,0,320,200,320,131,200,189,0,249,3.0011869966983795e-07,0,[]
000020251128H1309496249196qBU_LitaAgentY-LitaAgentP-MYxc.0127e3a5,scml.oneshot.sysagents.DefaultOneShotAdapter:litaagent_std.litaagent_y.LitaAgentY,0,[],0,130,0,0,0,66,0,100,100,100,55,100,45,0,65,1.0011717677116394e-07,0,[]
000020251128H1309496249196qBU_LitaAgentY-LitaAgentP-MYxc.0127e3a5,System,0,[],0,440,0,0,0,231,0,0,0,0,0,0,0,0,220,4.00003045797348e-07,0,[]
000220251128H130949687433kHMw_LitaAgentY-LitaAgentC-Mt15.088d6ae9,scml.oneshot.sysagents.DefaultOneShotAdapter:scml.oneshot.agents.rand.EqualDistOneShotAgent,0,[],0,142,0,0,0,72,0,80,0,80,29,0,51,0,71,2.00001522898674e-07,0,[]
000220251128H130949687433kHMw_LitaAgentY-LitaAgentC-Mt15.088d6ae9,scml.oneshot.sysagents.DefaultOneShotAdapter:scml_agents.scml2025.oneshot.mat.mat.MATAgent,0,[],0,128,0,0,0,65,0,80,80,80,36,80,44,0,64,9.988434612751007e-08,0,[]
000220251128H130949687433kHMw_LitaAgentY-LitaAgentC-Mt15.088d6ae9,scml.oneshot.sysagents.DefaultOneShotAdapter:scml.oneshot.agents.greedy.GreedyOneShotAgent,0,[],0,348,0,0,0,176,0,160,80,160,26,80,134,0,174,2.0023435354232788e-07,0,[]
000220251128H130949687433kHMw_LitaAgentY-LitaAgentC-Mt15.088d6ae9,scml.oneshot.sysagents.DefaultOneShotAdapter:litaagent_std.litaagent_cir.LitaAgentCIR,0,[],0,170,0,0,0,86,0,80,0,80,15,0,65,0,85,7.00121745467186e-07,0,[]
000220251128H130949687433kHMw_LitaAgentY-LitaAgentC-Mt15.088d6ae9,scml.oneshot.sysagents.DefaultOneShotAdapter:litaagent_std.litaagent_yr.LitaAgentYR,0,[],0,122,0,0,0,62,0,80,0,80,39,0,41,0,61,1.0011717677116394e-07,0,[]
000220251128H130949687433kHMw_LitaAgentY-LitaAgentC-Mt15.088d6ae9,scml.oneshot.sysagents.DefaultOneShotAdapter:scml.oneshot.agents.rand.RandDistOneShotAgent,0,[],0,290,0,0,0,147,0,160,160,160,55,160,105,0,145,2.00001522898674e-07,0,[]
000220251128H130949687433kHMw_LitaAgentY-LitaAgentC-Mt15.088d6ae9,System,0,[],0,320,0,0,0,168,0,0,0,0,0,0,0,0,160,2.998858690261841e-07,0,[]
000220251128H130949687433kHMw_LitaAgentY-LitaAgentP-MyM0.079f8e4a,scml.oneshot.sysagents.DefaultOneShotAdapter:litaagent_std.litaagent_p.LitaAgentP,0,[],0,40,0,0,0,21,0,80,80,80,80,80,0,0,20,2.00001522898674e-07,0,[]
000220251128H130949687433kHMw_LitaAgentY-LitaAgentP-MyM0.079f8e4a,scml.oneshot.sysagents.DefaultOneShotAdapter:scml.oneshot.agents.rand.EqualDistOneShotAgent,0,[],0,120,0,0,0,61,0,80,0,80,40,0,40,0,60,9.988434612751007e-08,0,[]
000220251128H130949687433kHMw_LitaAgentY-LitaAgentP-MyM0.079f8e4a,scml.oneshot.sysagents.DefaultOneShotAdapter:scml_agents.scml2025.oneshot.mat.mat.MATAgent,0,[],0,146,0,0,0,74,0,80,0,80,27,0,53,0,73,9.988434612751007e-08,0,[]
000220251128H130949687433kHMw_LitaAgentY-LitaAgentP-MyM0.079f8e4a,scml.oneshot.sysagents.DefaultOneShotAdapter:scml.oneshot.agents.greedy.GreedyOneShotAgent,0,[],0,340,0,0,0,172,0,160,80,160,30,80,130,0,170,3.0011869966983795e-07,0,[]
000220251128H130949687433kHMw_LitaAgentY-LitaAgentP-MyM0.079f8e4a,scml.oneshot.sysagents.DefaultOneShotAdapter:scml.oneshot.agents.rand.RandDistOneShotAgent,0,[],0,284,0,0,0,144,0,160,160,160,58,160,102,0,142,2.998858690261841e-07,0,[]
000220251128H130949687433kHMw_LitaAgentY-LitaAgentP-MyM0.079f8e4a,scml.oneshot.sysagents.DefaultOneShotAdapter:litaagent_std.litaagent_y.LitaAgentY,0,[],0,106,0,0,0,54,0,80,0,80,47,0,33,0,53,4.998873919248581e-07,0,[]
000220251128H130949687433kHMw_LitaAgentY-LitaAgentP-MyM0.079f8e4a,System,0,[],0,320,0,0,0,168,0,0,0,0,0,0,0,0,160,1.9976869225502014e-07,0,[]
000020251128H1309496249196qBU_LitaAgentY-LitaAgentC-LitaAgentP4Yj.01c767cc,scml.oneshot.sysagents.DefaultOneShotAdapter:litaagent_std.litaagent_p.LitaAgentP,0,[],0,40,0,0,0,21,0,100,100,100,100,100,0,0,20,2.00001522898674e-07,0,[]
000020251128H1309496249196qBU_LitaAgentY-LitaAgentC-LitaAgentP4Yj.01c767cc,scml.oneshot.sysagents.DefaultOneShotAdapter:scml.oneshot.agents.rand.EqualDistOneShotAgent,0,[],0,458,0,0,0,232,0,320,200,320,149,200,169,0,229,6.998889148235321e-07,0,[]
000020251128H1309496249196qBU_LitaAgentY-LitaAgentC-LitaAgentP4Yj.01c767cc,scml.oneshot.sysagents.DefaultOneShotAdapter:scml.oneshot.agents.greedy.GreedyOneShotAgent,0,[],0,412,0,0,0,208,0,220,100,220,54,100,166,0,206,4.00003045797348e-07,0,[]
000020251128H1309496249196qBU_LitaAgentY-LitaAgentC-LitaAgentP4Yj.01c767cc,scml.oneshot.sysagents.DefaultOneShotAdapter:litaagent_std.litaagent_cir.LitaAgentCIR,0,[],0,186,0,0,0,94,0,120,0,120,47,0,73,0,93,1.00000761449337e-06,0,[]
000020251128H1309496249196qBU_LitaAgentY-LitaAgentC-LitaAgentP4Yj.01c767cc,scml.oneshot.sysagents.DefaultOneShotAdapter:litaagent_std.litaagent_yr.LitaAgentYR,0,[],0,136,0,0,0,69,0,120,0,120,72,0,48,0,68,3.0011869966983795e-07,0,[]
000020251128H1309496249196qBU_LitaAgentY-LitaAgentC-LitaAgentP4Yj.01c767cc,scml.oneshot.sysagents.DefaultOneShotAdapter:scml.oneshot.agents.rand.RandDistOneShotAgent,0,[],0,492,0,0,0,249,0,320,200,320,134,200,186,0,246,7.00121745467186e-07,0,[]
000020251128H1309496249196qBU_LitaAgentY-LitaAgentC-LitaAgentP4Yj.01c767cc,System,0,[],0,440,0,0,0,231,0,0,0,0,0,0,0,0,220,4.998873919248581e-07,0,[]
